# ------------------------------------------------------------
# Instancia sintetica para pruebas del modelo exacto
# L = 18 estudiantes por curso
# P = 6 preferencias por estudiante
# C = 5 cursos nuevos
# Total = 90 estudiantes
# ------------------------------------------------------------

# INSTANCIA DE REASIGNACION DE ESTUDIANTES
# Este archivo contiene los datos de entrada de la instancia. La solucion se guarda aparte.

[INSTANCIA]
nombre=c_n_18_l_6_s_5_i_8
semilla=60657
N=90
C=5
L=18
P=6

[CURSOS_NUEVOS]
curso;capacidad
1;18
2;18
3;18
4;18
5;18

[BALANCE_GENERO]
grupos=F,M
diferencia_maxima=1

[CURSOS_ORIGEN]
cursos_origen=O1,O2,O3,O4,O5
minimo_O1=2
minimo_O2=2
minimo_O3=2
minimo_O4=2
minimo_O5=2

[CRITERIOS_BALANCE]
criterios=academico,socioemocional,convivencia
niveles=1,2,3

[ESTUDIANTES]
estudiante;curso_origen;genero;academico;socioemocional;convivencia
1;O1;M;2;1;1
2;O1;M;1;3;2
3;O1;F;1;2;1
4;O1;M;2;2;1
5;O1;F;1;1;2
6;O1;F;3;1;2
7;O1;F;2;1;1
8;O1;M;3;2;2
9;O1;M;2;2;1
10;O1;M;2;3;2
11;O1;M;2;2;3
12;O1;F;2;2;1
13;O1;M;1;3;3
14;O1;F;2;2;1
15;O1;M;1;1;2
16;O1;F;3;3;2
17;O1;F;2;1;3
18;O1;F;1;3;1
19;O2;M;3;2;1
20;O2;M;2;1;1
21;O2;F;3;2;2
22;O2;M;1;3;2
23;O2;F;3;1;3
24;O2;F;1;2;2
25;O2;F;3;3;2
26;O2;M;1;1;3
27;O2;M;1;2;3
28;O2;M;1;2;1
29;O2;F;1;3;1
30;O2;F;2;2;3
31;O2;F;3;1;3
32;O2;M;3;3;1
33;O2;F;1;2;1
34;O2;M;2;3;2
35;O2;F;3;1;3
36;O2;M;3;2;2
37;O3;M;3;2;1
38;O3;M;1;3;2
39;O3;M;2;1;3
40;O3;F;2;3;2
41;O3;F;2;1;3
42;O3;M;3;1;1
43;O3;M;3;3;3
44;O3;F;2;2;1
45;O3;F;3;2;2
46;O3;M;3;1;3
47;O3;F;3;2;3
48;O3;M;1;1;1
49;O3;F;1;2;2
50;O3;M;1;2;1
51;O3;F;2;3;2
52;O3;F;1;3;2
53;O3;M;2;2;1
54;O3;F;2;2;3
55;O4;M;3;3;2
56;O4;F;1;3;3
57;O4;F;2;2;2
58;O4;F;1;2;3
59;O4;F;2;2;3
60;O4;F;3;2;1
61;O4;M;2;2;1
62;O4;M;2;2;3
63;O4;M;1;2;1
64;O4;F;2;2;2
65;O4;M;2;1;2
66;O4;M;3;3;2
67;O4;M;2;3;3
68;O4;M;1;1;2
69;O4;F;2;1;2
70;O4;F;1;1;1
71;O4;M;3;1;3
72;O4;F;2;3;2
73;O5;M;2;2;1
74;O5;F;2;1;3
75;O5;M;1;3;3
76;O5;F;3;2;3
77;O5;M;1;3;3
78;O5;F;3;2;3
79;O5;M;3;2;3
80;O5;F;1;3;2
81;O5;F;1;2;3
82;O5;F;2;2;2
83;O5;M;3;1;1
84;O5;M;1;2;3
85;O5;F;1;2;1
86;O5;M;2;3;3
87;O5;F;1;1;3
88;O5;M;3;3;2
89;O5;F;1;1;2
90;O5;M;3;3;2

[PREFERENCIAS]
# En esta familia P=6, por lo que cada estudiante tiene 6 preferencias
estudiante;preferencia_1;preferencia_2;preferencia_3;preferencia_4;preferencia_5;preferencia_6
1;48;9;24;27;49;89
2;11;69;9;56;82;13
3;29;83;47;36;31;53
4;51;27;67;47;64;36
5;69;18;47;10;75;52
6;69;52;58;78;76;57
7;31;35;8;64;87;28
8;38;57;75;17;52;73
9;28;51;39;27;74;14
10;9;69;67;57;51;88
11;78;2;33;10;50;14
12;87;60;56;7;2;77
13;78;67;59;19;72;33
14;88;37;10;44;32;57
15;86;45;33;70;8;46
16;49;65;68;48;41;78
17;27;55;25;81;32;49
18;56;20;51;34;65;23
19;20;21;30;1;33;7
20;67;85;65;72;13;3
21;32;41;84;55;38;27
22;72;11;49;40;10;31
23;38;39;20;56;27;50
24;57;9;26;77;17;32
25;59;27;81;41;83;68
26;35;34;63;16;82;33
27;19;74;84;29;60;51
28;31;63;56;29;40;23
29;30;37;15;55;70;50
30;88;4;18;25;31;27
31;76;12;40;22;9;6
32;22;74;40;89;27;85
33;34;62;9;27;55;28
34;6;80;76;24;10;61
35;9;15;63;24;66;47
36;48;90;9;73;17;46
37;59;44;25;11;36;60
38;5;49;89;87;41;60
39;24;22;52;53;75;16
40;86;72;52;46;58;38
41;33;53;51;50;21;4
42;2;49;17;50;14;33
43;61;54;30;16;58;77
44;70;11;51;45;87;25
45;28;7;35;20;2;38
46;36;64;88;89;35;67
47;9;84;5;37;23;77
48;57;68;83;50;33;16
49;17;2;15;37;35;90
50;42;80;5;60;67;74
51;55;33;31;81;1;52
52;56;42;24;6;77;18
53;73;26;59;52;32;74
54;70;26;85;3;30;50
55;49;25;54;80;58;33
56;83;68;65;44;66;73
57;12;41;74;25;8;65
58;37;27;74;16;31;90
59;65;78;37;58;12;55
60;22;63;43;12;47;54
61;59;88;55;27;62;35
62;68;35;23;11;34;24
63;10;61;41;34;44;37
64;61;46;18;48;24;55
65;44;62;46;61;80;4
66;55;36;85;14;65;15
67;64;26;54;90;73;24
68;62;32;55;8;67;69
69;12;65;53;66;39;82
70;27;37;58;33;23;86
71;27;55;25;41;20;49
72;59;31;36;57;47;10
73;90;5;82;77;54;41
74;75;77;52;8;61;84
75;69;87;24;9;17;54
76;57;64;78;43;13;60
77;47;2;74;76;87;69
78;31;25;37;24;20;79
79;30;39;17;31;4;80
80;24;69;48;60;75;63
81;88;40;51;70;85;52
82;45;89;64;70;7;38
83;71;47;9;56;66;22
84;32;4;83;54;44;69
85;81;1;83;32;12;66
86;79;70;9;80;90;89
87;64;41;30;57;49;10
88;89;5;65;22;31;70
89;57;87;74;19;52;16
90;66;3;50;65;1;74

[SEPARACIONES]
estudiante_i;estudiante_j
2;8
3;76
4;21
4;22
5;26
5;41
7;83
12;89
21;65
23;68
24;50
25;52
26;50
26;58
31;75
37;74
37;87
38;53
41;71
46;53
60;89
85;87

[NOTAS]
generacion=aleatoria_controlada
preferencias_por_estudiante=P_fijo
genero=balanceado_dentro_de_cada_curso_de_origen
criterios_perfil=sorteados_de_forma_independiente
separaciones=aprox_N_div_4
estado=instancia_de_experimento
pesos_funcion_objetivo=no_incluidos_en_la_instancia
factibilidad=se_uso_una_asignacion_testigo_solo_para_generar_la_instancia
