# ------------------------------------------------------------
# Instancia sintetica para pruebas del modelo exacto
# L = 36 estudiantes por curso
# P = 5 preferencias por estudiante
# C = 3 cursos nuevos
# Total = 108 estudiantes
# ------------------------------------------------------------

# INSTANCIA DE REASIGNACION DE ESTUDIANTES
# Este archivo contiene los datos de entrada de la instancia. La solucion se guarda aparte.

[INSTANCIA]
nombre=c_n_36_l_5_s_3_i_6
semilla=50488
N=108
C=3
L=36
P=5

[CURSOS_NUEVOS]
curso;capacidad
1;36
2;36
3;36

[BALANCE_GENERO]
grupos=F,M
diferencia_maxima=1

[CURSOS_ORIGEN]
cursos_origen=O1,O2,O3
minimo_O1=11
minimo_O2=11
minimo_O3=11

[CRITERIOS_BALANCE]
criterios=academico,socioemocional,convivencia
niveles=1,2,3

[ESTUDIANTES]
estudiante;curso_origen;genero;academico;socioemocional;convivencia
1;O1;M;3;2;2
2;O1;F;3;3;2
3;O1;F;2;2;2
4;O1;M;1;3;1
5;O1;M;1;3;1
6;O1;M;2;3;3
7;O1;F;1;3;3
8;O1;M;3;3;3
9;O1;M;2;1;3
10;O1;M;2;1;3
11;O1;F;2;3;2
12;O1;M;2;2;3
13;O1;M;1;2;3
14;O1;F;2;2;1
15;O1;F;3;1;1
16;O1;M;2;3;2
17;O1;M;1;1;3
18;O1;M;1;1;1
19;O1;F;2;3;2
20;O1;M;3;1;2
21;O1;M;1;3;2
22;O1;F;3;1;3
23;O1;F;2;3;2
24;O1;F;2;3;1
25;O1;F;3;3;3
26;O1;F;2;3;1
27;O1;F;3;2;1
28;O1;M;3;2;1
29;O1;F;3;1;2
30;O1;M;2;2;1
31;O1;F;1;3;3
32;O1;F;1;3;1
33;O1;M;1;3;3
34;O1;F;3;2;2
35;O1;M;1;1;2
36;O1;F;1;2;3
37;O2;F;3;1;1
38;O2;F;2;1;2
39;O2;M;3;2;1
40;O2;F;2;1;2
41;O2;F;1;2;3
42;O2;F;2;2;1
43;O2;F;1;1;2
44;O2;M;2;3;1
45;O2;M;3;3;2
46;O2;M;3;1;3
47;O2;M;1;2;1
48;O2;M;3;2;2
49;O2;F;1;3;2
50;O2;F;2;1;3
51;O2;F;2;3;1
52;O2;F;1;2;1
53;O2;M;3;3;2
54;O2;M;2;1;2
55;O2;M;2;2;2
56;O2;F;2;1;1
57;O2;M;3;3;1
58;O2;F;1;2;2
59;O2;M;2;3;1
60;O2;F;3;1;1
61;O2;F;1;2;3
62;O2;M;1;2;3
63;O2;F;3;1;3
64;O2;M;1;3;1
65;O2;M;2;2;2
66;O2;F;2;3;1
67;O2;M;2;1;3
68;O2;M;3;2;3
69;O2;M;3;3;1
70;O2;F;3;1;1
71;O2;F;1;2;2
72;O2;M;3;1;2
73;O3;M;1;3;2
74;O3;M;3;3;2
75;O3;F;1;3;3
76;O3;M;1;3;3
77;O3;F;3;1;3
78;O3;F;2;2;1
79;O3;F;1;3;2
80;O3;F;1;2;1
81;O3;F;3;3;3
82;O3;M;3;1;2
83;O3;F;1;3;3
84;O3;M;2;2;2
85;O3;M;2;2;3
86;O3;F;3;1;2
87;O3;F;2;3;2
88;O3;M;3;1;1
89;O3;M;1;2;3
90;O3;F;2;2;1
91;O3;F;2;1;1
92;O3;M;3;2;3
93;O3;M;1;1;3
94;O3;M;3;1;1
95;O3;F;2;2;3
96;O3;F;1;1;1
97;O3;M;1;3;3
98;O3;F;2;1;3
99;O3;F;1;1;3
100;O3;M;2;1;3
101;O3;F;1;3;1
102;O3;F;2;3;2
103;O3;M;1;2;1
104;O3;M;1;2;3
105;O3;M;3;3;1
106;O3;M;2;3;2
107;O3;F;3;2;3
108;O3;M;2;2;1

[PREFERENCIAS]
# En esta familia P=5, por lo que cada estudiante tiene 5 preferencias
estudiante;preferencia_1;preferencia_2;preferencia_3;preferencia_4;preferencia_5
1;22;4;54;108;83
2;54;4;47;8;28
3;6;102;58;63;5
4;61;103;73;8;67
5;38;2;106;66;56
6;74;18;79;53;82
7;41;48;6;54;79
8;54;67;84;45;41
9;15;5;70;93;12
10;19;92;69;88;94
11;95;66;84;16;8
12;75;61;47;108;57
13;32;25;99;23;72
14;11;30;71;64;35
15;65;28;96;90;68
16;72;30;25;50;20
17;33;20;35;25;96
18;1;22;48;61;67
19;67;85;33;20;13
20;8;45;100;24;14
21;11;81;66;54;90
22;17;106;27;52;104
23;71;37;46;34;16
24;105;62;55;47;9
25;43;54;94;14;96
26;29;35;70;51;39
27;19;60;58;25;24
28;77;106;23;1;46
29;37;28;66;64;65
30;6;95;49;80;26
31;76;66;57;64;1
32;64;49;46;35;78
33;52;36;107;70;43
34;5;30;98;66;73
35;78;55;59;36;68
36;56;79;91;69;11
37;16;88;24;33;93
38;20;32;58;33;14
39;17;76;56;1;28
40;97;48;103;28;16
41;77;91;83;70;48
42;53;85;12;14;46
43;45;80;94;13;58
44;79;12;9;105;38
45;56;74;92;31;99
46;69;17;80;94;107
47;107;44;58;74;72
48;99;15;98;5;39
49;45;24;52;70;25
50;75;65;99;21;57
51;108;104;87;36;40
52;15;12;42;106;84
53;102;84;75;22;68
54;23;77;37;40;50
55;78;93;105;83;37
56;31;3;9;15;96
57;2;63;107;80;103
58;7;28;63;59;42
59;43;97;30;92;85
60;12;80;31;41;105
61;28;2;40;81;106
62;101;81;37;86;40
63;1;104;29;9;40
64;77;49;27;58;66
65;46;34;66;32;40
66;85;1;104;89;19
67;76;35;4;87;77
68;10;13;90;46;27
69;59;60;37;83;21
70;60;107;103;49;37
71;52;5;72;97;26
72;22;107;93;94;96
73;11;98;100;21;3
74;50;89;105;54;31
75;93;45;37;54;20
76;81;46;36;90;107
77;42;54;29;27;84
78;92;53;101;24;107
79;2;53;27;39;91
80;45;5;47;1;90
81;51;94;57;24;43
82;8;13;25;63;101
83;55;97;28;2;87
84;51;72;41;98;12
85;60;75;39;83;20
86;23;7;25;31;6
87;75;90;93;65;94
88;46;43;13;95;62
89;33;13;7;57;102
90;66;64;27;62;72
91;58;71;2;47;20
92;86;30;52;40;18
93;107;51;46;16;39
94;31;6;37;89;84
95;15;91;9;39;92
96;33;69;82;23;60
97;76;7;75;79;63
98;83;93;22;12;60
99;60;95;50;33;30
100;53;37;28;108;24
101;57;102;94;79;31
102;95;70;97;16;101
103;95;91;2;86;78
104;9;99;49;43;62
105;23;92;7;68;96
106;64;28;4;30;44
107;21;34;69;106;32
108;79;106;46;32;22

[SEPARACIONES]
estudiante_i;estudiante_j
2;8
6;47
9;56
9;59
9;103
11;72
16;103
17;20
18;103
24;97
26;34
35;61
35;89
37;38
40;77
48;86
53;71
60;62
62;94
63;70
64;97
66;84
67;73
72;102
81;101
83;95
93;108

[NOTAS]
generacion=aleatoria_controlada
preferencias_por_estudiante=P_fijo
genero=balanceado_dentro_de_cada_curso_de_origen
criterios_perfil=sorteados_de_forma_independiente
separaciones=aprox_N_div_4
estado=instancia_de_experimento
pesos_funcion_objetivo=no_incluidos_en_la_instancia
factibilidad=se_uso_una_asignacion_testigo_solo_para_generar_la_instancia
