# ------------------------------------------------------------
# Instancia sintetica para pruebas del modelo exacto
# L = 72 estudiantes por curso
# P = 5 preferencias por estudiante
# C = 4 cursos nuevos
# Total = 288 estudiantes
# ------------------------------------------------------------

# INSTANCIA DE REASIGNACION DE ESTUDIANTES
# Este archivo contiene los datos de entrada de la instancia. La solucion se guarda aparte.

[INSTANCIA]
nombre=c_n_72_l_5_s_4_i_6
semilla=50697
N=288
C=4
L=72
P=5

[CURSOS_NUEVOS]
curso;capacidad
1;72
2;72
3;72
4;72

[BALANCE_GENERO]
grupos=F,M
diferencia_maxima=1

[CURSOS_ORIGEN]
cursos_origen=O1,O2,O3,O4
minimo_O1=17
minimo_O2=17
minimo_O3=17
minimo_O4=17

[CRITERIOS_BALANCE]
criterios=academico,socioemocional,convivencia
niveles=1,2,3

[ESTUDIANTES]
estudiante;curso_origen;genero;academico;socioemocional;convivencia
1;O1;F;2;1;1
2;O1;M;2;3;1
3;O1;M;2;1;1
4;O1;F;1;1;1
5;O1;F;2;2;3
6;O1;F;3;1;3
7;O1;M;2;1;1
8;O1;F;1;3;2
9;O1;F;3;1;1
10;O1;F;3;2;3
11;O1;M;2;2;2
12;O1;M;2;1;3
13;O1;F;2;3;3
14;O1;M;1;3;2
15;O1;F;2;1;2
16;O1;M;2;1;3
17;O1;M;3;1;2
18;O1;M;2;2;2
19;O1;F;3;2;3
20;O1;M;3;1;2
21;O1;F;2;2;1
22;O1;F;2;3;1
23;O1;M;2;1;1
24;O1;F;2;1;1
25;O1;F;2;2;3
26;O1;M;3;3;1
27;O1;M;3;3;1
28;O1;F;1;3;2
29;O1;M;1;2;2
30;O1;M;3;2;1
31;O1;F;2;1;3
32;O1;M;2;2;1
33;O1;M;1;2;1
34;O1;M;2;3;2
35;O1;F;2;1;2
36;O1;F;3;2;3
37;O1;M;3;1;2
38;O1;F;2;1;3
39;O1;M;2;3;1
40;O1;F;1;3;2
41;O1;F;1;2;1
42;O1;M;2;1;3
43;O1;F;1;2;3
44;O1;M;3;3;3
45;O1;F;1;3;2
46;O1;F;2;3;1
47;O1;F;2;2;1
48;O1;F;3;2;3
49;O1;M;3;2;3
50;O1;M;3;2;1
51;O1;F;1;1;3
52;O1;M;3;1;2
53;O1;M;1;3;3
54;O1;F;3;3;3
55;O1;M;2;1;3
56;O1;M;2;3;2
57;O1;F;1;1;3
58;O1;F;2;1;1
59;O1;F;1;2;3
60;O1;F;3;3;3
61;O1;M;3;3;3
62;O1;F;1;3;2
63;O1;M;2;3;2
64;O1;F;1;2;2
65;O1;M;1;3;1
66;O1;M;3;2;1
67;O1;F;2;3;2
68;O1;M;2;1;3
69;O1;M;1;3;3
70;O1;M;3;3;1
71;O1;M;3;1;2
72;O1;F;3;3;3
73;O2;M;2;3;1
74;O2;M;1;1;3
75;O2;F;2;2;1
76;O2;M;2;2;1
77;O2;F;3;2;1
78;O2;F;1;2;2
79;O2;F;1;2;1
80;O2;M;3;2;2
81;O2;M;3;2;3
82;O2;M;2;1;1
83;O2;M;1;3;3
84;O2;F;3;1;3
85;O2;M;3;2;3
86;O2;F;2;1;1
87;O2;M;2;2;3
88;O2;M;2;3;2
89;O2;F;3;1;1
90;O2;F;3;3;1
91;O2;M;1;2;3
92;O2;F;2;1;2
93;O2;F;2;3;1
94;O2;M;1;3;1
95;O2;F;2;3;1
96;O2;F;1;2;3
97;O2;F;2;3;3
98;O2;F;1;1;1
99;O2;M;1;2;2
100;O2;M;3;3;1
101;O2;F;1;2;3
102;O2;F;3;1;3
103;O2;M;1;3;2
104;O2;F;3;2;1
105;O2;F;3;2;2
106;O2;F;1;2;2
107;O2;F;2;1;3
108;O2;F;2;3;3
109;O2;F;2;3;3
110;O2;M;1;3;3
111;O2;M;2;2;1
112;O2;F;3;3;3
113;O2;M;2;2;1
114;O2;M;3;1;2
115;O2;F;1;3;1
116;O2;M;2;1;2
117;O2;M;2;3;2
118;O2;M;1;1;3
119;O2;F;1;2;1
120;O2;M;2;3;2
121;O2;M;1;2;3
122;O2;M;2;1;2
123;O2;F;3;1;3
124;O2;F;3;2;1
125;O2;M;1;1;1
126;O2;M;1;3;3
127;O2;F;3;2;1
128;O2;F;3;2;1
129;O2;F;1;3;2
130;O2;M;3;2;1
131;O2;M;2;2;1
132;O2;M;2;2;3
133;O2;M;1;3;3
134;O2;F;3;1;2
135;O2;F;2;1;3
136;O2;F;1;2;3
137;O2;F;1;3;3
138;O2;M;1;3;3
139;O2;M;1;1;2
140;O2;M;1;2;2
141;O2;M;3;2;1
142;O2;F;1;1;1
143;O2;F;2;3;3
144;O2;M;1;1;1
145;O3;M;1;1;3
146;O3;M;2;3;3
147;O3;F;1;1;2
148;O3;M;3;1;2
149;O3;F;1;1;3
150;O3;M;2;1;3
151;O3;F;2;1;1
152;O3;M;3;3;1
153;O3;F;2;1;1
154;O3;F;3;1;1
155;O3;F;1;3;1
156;O3;M;2;1;3
157;O3;F;2;3;2
158;O3;M;1;1;1
159;O3;M;1;2;3
160;O3;F;1;1;3
161;O3;M;3;3;2
162;O3;F;2;3;1
163;O3;M;2;2;1
164;O3;M;2;1;2
165;O3;F;3;2;3
166;O3;M;3;1;1
167;O3;F;2;3;3
168;O3;M;1;2;3
169;O3;M;2;2;3
170;O3;F;1;2;1
171;O3;F;3;3;1
172;O3;M;3;2;3
173;O3;M;3;2;1
174;O3;M;3;1;1
175;O3;F;1;1;1
176;O3;F;3;2;1
177;O3;F;2;2;1
178;O3;M;2;1;3
179;O3;F;1;1;1
180;O3;M;1;2;2
181;O3;M;2;3;2
182;O3;M;1;3;1
183;O3;F;3;1;1
184;O3;F;3;1;3
185;O3;F;1;2;2
186;O3;M;1;3;2
187;O3;F;3;2;2
188;O3;M;1;1;2
189;O3;F;2;2;2
190;O3;M;1;2;3
191;O3;M;3;3;2
192;O3;M;1;2;2
193;O3;F;1;3;3
194;O3;M;3;1;1
195;O3;F;2;2;2
196;O3;M;1;3;1
197;O3;F;1;3;2
198;O3;M;2;3;1
199;O3;M;2;3;3
200;O3;M;3;3;1
201;O3;F;3;3;2
202;O3;F;3;2;3
203;O3;M;2;1;2
204;O3;M;1;1;3
205;O3;M;2;2;3
206;O3;F;2;3;1
207;O3;F;1;1;1
208;O3;F;1;2;1
209;O3;M;2;3;2
210;O3;M;3;2;3
211;O3;F;1;1;2
212;O3;F;1;2;1
213;O3;F;1;3;2
214;O3;F;3;1;1
215;O3;F;1;2;3
216;O3;F;3;3;3
217;O4;F;1;1;1
218;O4;F;2;2;1
219;O4;F;3;1;3
220;O4;M;3;3;3
221;O4;M;1;2;1
222;O4;M;1;2;1
223;O4;M;1;1;2
224;O4;F;2;2;3
225;O4;F;1;1;3
226;O4;M;3;2;1
227;O4;M;3;3;3
228;O4;F;1;3;2
229;O4;M;3;3;1
230;O4;M;1;2;3
231;O4;M;1;2;1
232;O4;M;2;1;3
233;O4;M;1;2;3
234;O4;M;3;2;1
235;O4;F;3;3;3
236;O4;M;3;1;1
237;O4;F;1;3;2
238;O4;M;3;3;2
239;O4;M;1;1;2
240;O4;F;2;1;3
241;O4;M;2;3;1
242;O4;F;2;1;2
243;O4;F;3;1;1
244;O4;F;1;1;2
245;O4;M;2;2;3
246;O4;F;2;3;3
247;O4;M;2;2;2
248;O4;F;1;2;2
249;O4;M;3;1;3
250;O4;F;2;3;3
251;O4;F;1;1;1
252;O4;F;3;1;2
253;O4;F;1;2;1
254;O4;M;1;3;3
255;O4;M;2;1;1
256;O4;F;3;2;3
257;O4;M;3;3;3
258;O4;M;2;2;3
259;O4;F;1;2;2
260;O4;M;2;3;2
261;O4;F;3;2;1
262;O4;M;3;2;3
263;O4;F;2;1;3
264;O4;F;2;1;1
265;O4;M;3;2;3
266;O4;F;3;3;2
267;O4;M;1;2;2
268;O4;M;1;3;3
269;O4;F;3;3;1
270;O4;F;3;3;3
271;O4;F;2;1;2
272;O4;M;1;2;2
273;O4;M;1;1;2
274;O4;F;1;2;2
275;O4;F;1;3;1
276;O4;F;2;3;3
277;O4;F;2;3;3
278;O4;F;3;3;2
279;O4;M;3;1;3
280;O4;M;2;3;2
281;O4;F;2;2;2
282;O4;F;3;1;3
283;O4;M;1;1;1
284;O4;M;2;1;3
285;O4;M;2;2;3
286;O4;M;2;3;3
287;O4;F;1;3;3
288;O4;F;2;1;1

[PREFERENCIAS]
# En esta familia P=5, por lo que cada estudiante tiene 5 preferencias
estudiante;preferencia_1;preferencia_2;preferencia_3;preferencia_4;preferencia_5
1;112;164;44;282;205
2;279;168;246;65;262
3;241;200;49;146;124
4;191;140;1;34;212
5;231;197;249;123;107
6;58;80;98;66;269
7;134;155;45;22;229
8;16;267;257;216;85
9;113;150;288;260;31
10;38;52;126;233;35
11;26;101;183;163;116
12;61;153;231;63;161
13;270;124;5;109;43
14;187;127;269;228;243
15;274;42;34;126;47
16;253;86;241;71;5
17;108;51;103;12;61
18;274;204;23;210;239
19;59;129;96;116;26
20;177;267;129;52;27
21;192;42;229;202;173
22;235;248;187;149;171
23;120;59;55;50;235
24;224;238;117;89;133
25;246;286;79;26;173
26;267;78;184;174;61
27;150;49;163;21;229
28;129;193;172;30;250
29;97;172;192;123;43
30;74;2;148;125;165
31;124;168;97;25;209
32;40;117;18;168;192
33;22;45;255;101;161
34;59;2;67;178;167
35;189;140;86;196;96
36;268;272;147;25;213
37;99;107;75;12;5
38;33;278;114;75;53
39;287;86;175;12;88
40;65;129;230;46;121
41;278;177;274;56;53
42;207;44;175;91;186
43;20;211;24;221;187
44;283;284;170;174;156
45;261;208;89;224;114
46;264;142;171;173;282
47;234;120;192;267;259
48;244;1;39;210;217
49;254;32;184;285;210
50;184;223;149;192;218
51;8;174;95;72;12
52;82;111;185;235;102
53;133;164;232;6;173
54;51;163;79;116;80
55;213;261;176;66;267
56;215;201;93;221;59
57;255;203;138;184;146
58;104;72;270;15;260
59;6;83;95;106;25
60;69;84;185;159;10
61;151;240;198;131;238
62;50;275;190;105;210
63;180;287;204;43;98
64;225;273;80;137;150
65;252;177;47;288;249
66;38;26;154;160;76
67;124;158;11;97;141
68;242;227;11;110;101
69;130;135;66;244;177
70;279;30;268;26;142
71;205;5;277;141;189
72;34;38;203;188;63
73;47;83;164;106;282
74;156;49;223;226;14
75;88;28;167;113;221
76;41;39;124;163;271
77;10;222;39;65;22
78;36;162;86;211;278
79;221;50;42;166;237
80;52;34;39;201;260
81;219;231;138;276;76
82;203;135;39;145;208
83;105;253;264;284;223
84;228;286;38;221;5
85;80;12;266;96;70
86;167;103;165;70;169
87;41;88;162;76;237
88;282;246;164;68;151
89;216;16;90;53;266
90;201;149;210;100;3
91;57;8;43;23;108
92;63;43;101;200;267
93;257;3;34;282;18
94;220;56;151;147;31
95;227;73;192;164;145
96;67;101;174;153;197
97;214;109;111;222;205
98;49;126;122;46;88
99;259;170;254;116;30
100;107;217;121;168;182
101;236;40;9;174;72
102;84;27;209;243;163
103;124;1;254;37;211
104;188;68;264;182;172
105;42;53;91;31;269
106;210;154;255;1;269
107;274;255;83;181;149
108;226;16;25;280;146
109;197;244;31;26;254
110;72;5;14;196;1
111;94;162;24;46;88
112;183;92;208;238;205
113;39;156;24;128;262
114;6;144;232;60;253
115;194;105;18;217;47
116;148;255;231;157;136
117;205;169;50;96;44
118;112;3;262;155;241
119;133;203;84;98;180
120;10;249;11;259;129
121;56;179;181;63;253
122;240;214;247;269;251
123;105;18;268;14;173
124;112;266;102;243;5
125;101;145;221;126;107
126;149;104;261;192;121
127;257;67;1;113;109
128;142;63;25;29;71
129;237;221;149;229;51
130;157;185;249;235;194
131;235;153;99;48;105
132;77;200;244;60;202
133;81;193;280;220;218
134;161;286;287;283;158
135;115;219;14;173;53
136;54;28;47;44;97
137;199;267;178;202;4
138;142;152;24;212;16
139;44;114;128;46;78
140;196;115;192;271;183
141;261;31;89;221;125
142;161;167;155;77;166
143;157;156;89;73;203
144;35;186;62;170;190
145;54;159;146;84;99
146;63;6;210;103;196
147;34;283;111;177;88
148;61;79;235;134;112
149;32;101;196;39;141
150;118;137;97;33;95
151;5;72;180;51;282
152;145;277;106;278;288
153;128;64;60;59;10
154;167;58;20;102;266
155;209;110;225;217;58
156;217;230;209;95;200
157;95;247;15;73;107
158;98;97;29;172;69
159;156;155;148;238;271
160;91;31;15;116;114
161;53;235;212;47;122
162;1;286;131;41;70
163;165;198;10;121;85
164;81;118;68;66;237
165;88;278;263;98;131
166;233;4;153;40;55
167;58;230;102;156;278
168;23;107;151;78;217
169;101;174;150;209;233
170;157;143;33;203;273
171;253;205;73;280;120
172;129;47;214;281;278
173;143;216;285;182;230
174;145;152;157;16;32
175;31;272;252;124;250
176;13;192;52;80;147
177;225;139;85;260;26
178;218;97;148;53;158
179;65;277;26;171;35
180;226;224;93;21;281
181;241;102;37;158;242
182;65;241;55;93;233
183;97;25;101;74;81
184;52;153;220;107;44
185;158;256;11;129;215
186;140;3;194;164;232
187;125;31;107;50;59
188;86;5;173;51;109
189;187;163;18;125;95
190;285;206;170;34;260
191;100;204;223;272;198
192;108;101;279;44;243
193;100;190;284;234;245
194;208;156;154;216;163
195;58;193;209;59;133
196;220;116;140;117;8
197;9;57;94;45;116
198;203;284;158;85;38
199;220;123;253;198;192
200;146;51;257;175;260
201;155;28;262;86;87
202;239;87;197;47;76
203;271;107;68;283;232
204;71;287;104;186;20
205;279;256;14;112;28
206;174;169;287;113;111
207;144;266;227;237;184
208;63;121;260;161;221
209;3;241;83;286;79
210;138;89;29;203;87
211;182;218;166;84;58
212;107;70;268;18;12
213;56;268;241;236;204
214;157;190;288;192;282
215;72;254;83;44;232
216;68;111;248;28;36
217;165;112;203;176;82
218;204;81;179;192;116
219;171;74;192;21;109
220;213;38;57;164;174
221;92;83;82;142;80
222;24;233;51;140;225
223;149;136;80;126;107
224;62;193;54;156;39
225;120;244;123;130;219
226;270;18;253;178;215
227;200;287;93;252;162
228;97;230;218;11;178
229;215;255;51;58;53
230;128;209;43;114;25
231;94;161;72;268;92
232;230;212;50;256;259
233;261;207;51;130;47
234;44;195;149;217;55
235;40;155;105;255;154
236;65;22;76;275;71
237;71;228;87;2;284
238;3;111;140;234;71
239;240;73;259;120;72
240;192;267;177;195;53
241;115;242;100;231;123
242;117;143;101;137;204
243;71;272;277;20;154
244;281;161;74;27;195
245;262;95;163;214;33
246;251;263;170;66;91
247;266;239;277;264;268
248;216;36;26;259;272
249;140;228;13;158;263
250;220;50;22;155;186
251;69;96;8;6;286
252;83;62;44;10;5
253;247;151;6;280;281
254;29;221;144;241;61
255;147;23;38;10;273
256;22;217;149;38;53
257;264;75;139;146;6
258;230;272;229;150;77
259;114;175;274;79;16
260;278;208;73;155;13
261;194;161;237;64;79
262;272;221;230;255;75
263;115;92;159;38;258
264;122;173;259;68;182
265;164;242;67;286;28
266;143;33;47;95;211
267;107;59;282;122;68
268;107;271;203;176;218
269;122;173;26;92;19
270;41;119;60;57;176
271;66;248;233;83;217
272;168;85;132;122;113
273;14;132;237;189;76
274;195;228;25;167;9
275;46;156;120;4;39
276;96;191;166;24;140
277;79;192;30;111;68
278;55;141;150;284;190
279;130;78;10;29;255
280;94;213;97;111;201
281;105;248;19;249;116
282;70;80;125;111;186
283;162;130;169;62;238
284;167;228;127;123;104
285;36;272;182;198;227
286;44;52;233;248;76
287;92;85;135;86;184
288;9;7;248;110;104

[SEPARACIONES]
estudiante_i;estudiante_j
2;29
4;85
4;267
5;129
8;212
13;77
17;62
24;46
28;189
31;83
31;193
32;285
37;282
39;261
43;85
54;67
58;217
59;137
59;274
64;103
67;221
69;250
70;90
79;213
80;272
83;128
86;107
86;187
87;178
95;186
97;285
98;138
101;217
104;166
104;242
110;180
110;199
110;271
112;143
114;140
114;212
118;131
124;228
125;224
128;279
129;266
132;233
133;276
136;196
136;221
138;156
140;236
141;241
154;194
158;280
160;207
165;216
170;188
171;215
172;201
176;226
177;287
180;244
190;219
205;267
211;272
212;253
214;249
232;245
236;287
238;259
250;275

[NOTAS]
generacion=aleatoria_controlada
preferencias_por_estudiante=P_fijo
genero=balanceado_dentro_de_cada_curso_de_origen
criterios_perfil=sorteados_de_forma_independiente
separaciones=aprox_N_div_4
estado=instancia_de_experimento
pesos_funcion_objetivo=no_incluidos_en_la_instancia
factibilidad=se_uso_una_asignacion_testigo_solo_para_generar_la_instancia
