# ------------------------------------------------------------
# Instancia sintetica para pruebas del modelo exacto
# L = 18 estudiantes por curso
# P = 7 preferencias por estudiante
# C = 5 cursos nuevos
# Total = 90 estudiantes
# ------------------------------------------------------------

# INSTANCIA DE REASIGNACION DE ESTUDIANTES
# Este archivo contiene los datos de entrada de la instancia. La solucion se guarda aparte.

[INSTANCIA]
nombre=c_n_18_l_7_s_5_i_7
semilla=70657
N=90
C=5
L=18
P=7

[CURSOS_NUEVOS]
curso;capacidad
1;18
2;18
3;18
4;18
5;18

[BALANCE_GENERO]
grupos=F,M
diferencia_maxima=1

[CURSOS_ORIGEN]
cursos_origen=O1,O2,O3,O4,O5
minimo_O1=2
minimo_O2=2
minimo_O3=2
minimo_O4=2
minimo_O5=2

[CRITERIOS_BALANCE]
criterios=academico,socioemocional,convivencia
niveles=1,2,3

[ESTUDIANTES]
estudiante;curso_origen;genero;academico;socioemocional;convivencia
1;O1;M;2;2;3
2;O1;F;2;3;2
3;O1;F;3;1;2
4;O1;F;3;1;2
5;O1;F;1;3;1
6;O1;M;3;2;1
7;O1;M;2;3;1
8;O1;M;1;3;3
9;O1;M;2;2;3
10;O1;F;3;1;2
11;O1;F;3;2;1
12;O1;M;1;2;1
13;O1;M;3;1;2
14;O1;F;2;2;2
15;O1;F;2;2;3
16;O1;F;3;3;3
17;O1;M;2;3;3
18;O1;M;3;3;2
19;O2;F;2;1;1
20;O2;M;3;1;3
21;O2;F;3;1;3
22;O2;F;3;2;3
23;O2;F;1;1;3
24;O2;M;2;3;1
25;O2;F;1;1;2
26;O2;F;1;3;3
27;O2;M;3;1;3
28;O2;M;2;2;3
29;O2;M;2;2;1
30;O2;M;2;2;3
31;O2;F;3;2;2
32;O2;F;3;3;2
33;O2;M;3;2;1
34;O2;M;3;3;1
35;O2;M;2;3;3
36;O2;F;2;3;3
37;O3;F;3;2;3
38;O3;F;3;1;1
39;O3;F;3;1;2
40;O3;F;3;3;3
41;O3;M;3;3;3
42;O3;M;3;2;2
43;O3;M;2;1;3
44;O3;M;3;1;1
45;O3;M;3;3;2
46;O3;M;1;3;3
47;O3;M;3;3;2
48;O3;F;3;2;3
49;O3;F;2;2;3
50;O3;F;3;1;2
51;O3;M;2;2;2
52;O3;F;3;1;3
53;O3;F;1;3;3
54;O3;M;1;3;1
55;O4;M;2;1;1
56;O4;F;1;3;3
57;O4;F;1;2;2
58;O4;M;2;2;3
59;O4;F;3;3;3
60;O4;F;2;1;1
61;O4;M;3;2;1
62;O4;F;1;3;2
63;O4;M;2;1;3
64;O4;M;3;2;1
65;O4;M;1;1;2
66;O4;M;1;1;1
67;O4;F;3;1;1
68;O4;M;3;2;3
69;O4;M;1;1;1
70;O4;F;3;3;1
71;O4;F;3;2;2
72;O4;F;1;3;2
73;O5;F;2;3;2
74;O5;M;3;3;3
75;O5;M;2;3;3
76;O5;F;3;1;1
77;O5;F;2;3;2
78;O5;F;2;3;1
79;O5;F;3;3;2
80;O5;F;1;2;3
81;O5;M;2;1;3
82;O5;M;3;1;2
83;O5;M;2;3;3
84;O5;M;2;3;1
85;O5;F;2;3;3
86;O5;M;1;1;3
87;O5;M;1;1;2
88;O5;F;3;3;2
89;O5;F;1;1;3
90;O5;M;2;1;3

[PREFERENCIAS]
# En esta familia P=7, por lo que cada estudiante tiene 7 preferencias
estudiante;preferencia_1;preferencia_2;preferencia_3;preferencia_4;preferencia_5;preferencia_6;preferencia_7
1;13;48;50;60;75;23;74
2;36;39;19;29;17;13;90
3;74;52;60;49;29;70;4
4;22;36;15;60;89;44;79
5;82;58;11;69;71;3;79
6;11;79;14;67;55;25;62
7;76;63;17;50;70;56;38
8;88;87;30;13;27;84;14
9;90;7;77;68;33;36;30
10;86;11;4;57;18;38;70
11;35;70;22;80;90;55;88
12;48;66;90;72;64;26;51
13;76;50;4;10;6;80;12
14;50;37;24;43;16;65;8
15;2;60;66;21;45;39;56
16;77;29;31;72;75;46;85
17;25;19;34;60;28;8;43
18;38;28;80;57;27;68;29
19;51;22;13;82;65;3;75
20;78;29;63;77;37;72;5
21;69;43;17;14;24;20;71
22;61;8;15;84;38;39;25
23;27;35;68;51;76;21;87
24;42;64;80;30;8;14;79
25;34;4;3;89;23;26;50
26;50;19;14;38;53;46;31
27;15;83;75;14;25;60;20
28;9;71;20;15;67;24;84
29;71;16;11;23;50;76;74
30;82;52;37;80;40;38;22
31;28;23;17;68;29;83;7
32;11;10;82;62;21;48;72
33;55;47;50;16;11;46;32
34;12;11;52;36;63;50;73
35;69;88;61;23;46;15;78
36;83;15;27;44;16;48;82
37;68;16;89;78;84;69;64
38;27;80;4;37;79;65;48
39;7;3;80;78;61;57;28
40;65;19;51;90;63;34;7
41;66;44;81;28;89;52;5
42;64;49;3;20;34;77;58
43;17;69;53;39;2;79;29
44;76;52;54;72;36;60;50
45;43;25;33;36;41;66;73
46;82;42;30;39;84;90;28
47;81;48;89;46;42;90;58
48;53;75;62;4;90;71;45
49;69;32;34;1;71;54;68
50;4;85;16;68;10;90;33
51;45;77;24;12;37;33;42
52;68;10;28;3;9;83;39
53;48;66;74;13;61;55;68
54;68;70;80;18;72;51;6
55;60;3;80;71;4;48;33
56;15;85;77;61;44;73;45
57;45;21;81;22;83;49;54
58;84;16;15;17;13;12;49
59;54;86;15;39;58;41;74
60;41;76;81;25;39;29;67
61;83;34;42;9;87;80;76
62;65;82;1;50;56;57;40
63;55;87;52;21;44;5;13
64;84;59;89;75;39;43;51
65;13;18;4;45;14;90;33
66;38;70;19;30;57;80;82
67;22;89;26;60;81;27;71
68;71;63;36;26;77;37;34
69;53;15;68;60;70;89;80
70;43;35;38;39;32;53;7
71;46;24;4;78;85;19;21
72;26;17;65;19;9;33;41
73;70;72;67;2;24;15;52
74;14;35;39;63;13;9;61
75;54;12;18;29;66;6;70
76;25;61;26;85;21;8;58
77;69;2;54;32;46;59;52
78;32;30;43;66;38;88;44
79;64;43;68;63;6;7;13
80;32;14;15;45;46;27;3
81;5;15;78;38;14;17;50
82;5;43;33;81;9;89;78
83;87;62;63;78;84;38;16
84;43;4;73;77;33;83;19
85;28;74;49;70;42;24;4
86;69;40;13;49;36;22;55
87;12;59;62;5;84;37;81
88;19;16;72;47;5;61;50
89;51;12;17;82;45;1;13
90;25;31;85;7;11;44;9

[SEPARACIONES]
estudiante_i;estudiante_j
1;81
9;51
10;30
11;25
14;83
15;59
15;74
20;21
21;83
22;60
24;67
26;60
28;53
30;54
38;52
44;73
47;83
56;71
62;79
64;83
71;88
84;89

[NOTAS]
generacion=aleatoria_controlada
preferencias_por_estudiante=P_fijo
genero=balanceado_dentro_de_cada_curso_de_origen
criterios_perfil=sorteados_de_forma_independiente
separaciones=aprox_N_div_4
estado=instancia_de_experimento
pesos_funcion_objetivo=no_incluidos_en_la_instancia
factibilidad=se_uso_una_asignacion_testigo_solo_para_generar_la_instancia
