# ------------------------------------------------------------
# Instancia sintetica para pruebas del modelo exacto
# L = 18 estudiantes por curso
# P = 7 preferencias por estudiante
# C = 5 cursos nuevos
# Total = 90 estudiantes
# ------------------------------------------------------------

# INSTANCIA DE REASIGNACION DE ESTUDIANTES
# Este archivo contiene los datos de entrada de la instancia. La solucion se guarda aparte.

[INSTANCIA]
nombre=c_n_18_l_7_s_5_i_8
semilla=70664
N=90
C=5
L=18
P=7

[CURSOS_NUEVOS]
curso;capacidad
1;18
2;18
3;18
4;18
5;18

[BALANCE_GENERO]
grupos=F,M
diferencia_maxima=1

[CURSOS_ORIGEN]
cursos_origen=O1,O2,O3,O4,O5
minimo_O1=2
minimo_O2=2
minimo_O3=2
minimo_O4=2
minimo_O5=2

[CRITERIOS_BALANCE]
criterios=academico,socioemocional,convivencia
niveles=1,2,3

[ESTUDIANTES]
estudiante;curso_origen;genero;academico;socioemocional;convivencia
1;O1;F;1;3;1
2;O1;F;2;1;1
3;O1;M;1;3;2
4;O1;F;1;2;2
5;O1;F;3;3;1
6;O1;F;3;1;1
7;O1;F;1;2;1
8;O1;M;1;3;2
9;O1;M;1;3;3
10;O1;F;1;2;3
11;O1;M;2;3;1
12;O1;M;2;3;2
13;O1;M;2;1;2
14;O1;M;1;1;3
15;O1;M;2;3;3
16;O1;F;3;3;1
17;O1;M;2;2;3
18;O1;F;1;2;2
19;O2;F;3;2;1
20;O2;F;2;3;2
21;O2;M;2;3;2
22;O2;F;1;2;1
23;O2;M;1;2;3
24;O2;F;2;2;1
25;O2;M;2;3;2
26;O2;F;3;1;3
27;O2;M;3;2;3
28;O2;M;3;2;2
29;O2;F;2;3;1
30;O2;M;1;2;2
31;O2;F;1;3;3
32;O2;M;3;1;2
33;O2;F;2;1;3
34;O2;M;1;1;2
35;O2;F;1;2;1
36;O2;M;3;3;2
37;O3;M;2;2;3
38;O3;M;3;3;3
39;O3;F;2;1;3
40;O3;F;1;3;1
41;O3;M;3;2;2
42;O3;M;3;1;3
43;O3;F;2;2;1
44;O3;M;2;3;2
45;O3;F;3;2;1
46;O3;F;3;2;3
47;O3;F;3;2;2
48;O3;M;1;3;3
49;O3;M;2;2;1
50;O3;F;3;1;1
51;O3;M;2;3;2
52;O3;F;1;3;2
53;O3;M;2;2;1
54;O3;F;3;3;2
55;O4;M;2;3;3
56;O4;M;3;3;1
57;O4;F;3;3;3
58;O4;F;3;2;2
59;O4;M;2;2;1
60;O4;M;1;1;3
61;O4;M;3;3;1
62;O4;F;2;2;3
63;O4;M;3;3;1
64;O4;M;3;1;2
65;O4;M;2;1;1
66;O4;M;2;3;1
67;O4;F;3;1;1
68;O4;F;1;2;2
69;O4;F;2;3;2
70;O4;F;2;2;2
71;O4;F;1;1;1
72;O4;F;2;2;1
73;O5;F;2;2;3
74;O5;M;2;3;2
75;O5;M;2;1;3
76;O5;F;3;1;1
77;O5;F;1;3;3
78;O5;M;1;2;3
79;O5;F;1;1;3
80;O5;M;1;1;3
81;O5;F;1;3;3
82;O5;M;1;3;3
83;O5;M;1;3;1
84;O5;M;3;3;3
85;O5;F;1;1;2
86;O5;F;2;2;3
87;O5;F;2;3;2
88;O5;F;2;3;3
89;O5;M;3;2;3
90;O5;M;1;3;3

[PREFERENCIAS]
# En esta familia P=7, por lo que cada estudiante tiene 7 preferencias
estudiante;preferencia_1;preferencia_2;preferencia_3;preferencia_4;preferencia_5;preferencia_6;preferencia_7
1;67;86;2;77;28;16;53
2;21;81;44;54;48;19;6
3;13;1;77;30;66;14;27
4;2;14;80;38;30;21;35
5;36;30;22;32;2;60;27
6;78;31;76;45;34;48;17
7;85;56;37;2;30;54;60
8;76;4;18;32;55;17;3
9;63;72;73;69;36;20;5
10;65;59;86;5;38;69;9
11;14;59;53;49;4;72;68
12;41;34;8;21;84;50;44
13;61;28;73;12;44;49;4
14;2;82;6;47;83;35;61
15;68;88;40;86;42;39;49
16;29;88;8;26;86;22;54
17;64;66;39;69;87;50;65
18;47;74;56;41;19;15;27
19;20;8;85;58;29;59;2
20;56;78;38;64;86;36;57
21;15;58;51;1;81;66;56
22;66;37;52;53;23;39;33
23;60;7;28;51;52;18;71
24;44;7;21;73;88;69;2
25;90;81;49;47;16;4;22
26;73;39;51;21;1;76;16
27;38;39;16;42;50;77;9
28;74;29;86;90;79;56;60
29;8;62;18;90;9;24;53
30;56;49;62;36;48;19;12
31;46;29;83;77;49;63;39
32;30;15;61;31;22;1;37
33;40;5;36;3;48;35;72
34;77;47;68;16;7;61;51
35;36;20;63;6;67;5;82
36;46;85;9;88;24;42;66
37;87;23;41;64;59;11;32
38;52;40;34;51;15;77;7
39;68;47;16;57;15;73;19
40;81;26;4;34;49;60;54
41;68;58;14;62;71;86;9
42;81;39;56;59;15;48;49
43;29;9;58;53;25;76;50
44;69;37;28;6;66;36;51
45;59;31;90;77;38;24;87
46;64;2;23;88;18;71;61
47;62;87;40;48;10;74;25
48;32;57;63;71;83;76;15
49;89;36;1;35;37;70;24
50;46;19;68;23;86;77;14
51;87;25;44;59;34;88;17
52;80;44;45;33;13;58;15
53;4;12;78;48;67;36;8
54;68;81;7;62;34;57;8
55;66;18;51;65;56;2;46
56;60;5;87;46;77;57;27
57;6;88;54;3;42;47;51
58;46;21;37;23;16;43;27
59;3;8;2;82;52;41;10
60;90;13;83;37;33;51;25
61;3;48;45;53;7;85;31
62;55;15;74;3;88;19;22
63;32;2;40;89;47;41;56
64;53;19;17;48;5;86;50
65;30;67;85;7;51;29;56
66;29;72;18;76;23;15;69
67;77;31;53;83;87;7;41
68;30;81;82;83;6;5;60
69;36;19;48;70;3;52;42
70;12;56;69;17;13;64;54
71;52;88;31;43;57;67;37
72;55;21;10;20;29;6;79
73;33;5;27;3;14;2;57
74;3;20;77;53;27;34;21
75;10;87;26;50;4;63;65
76;26;32;61;12;17;79;71
77;42;23;2;85;48;88;5
78;62;76;66;46;61;53;43
79;44;82;41;48;5;19;54
80;29;33;28;72;82;23;36
81;32;14;49;82;30;53;48
82;84;69;80;5;2;74;42
83;72;6;65;8;75;7;43
84;80;51;38;28;6;49;71
85;8;61;69;27;13;62;15
86;8;33;87;76;45;55;39
87;31;23;9;3;12;33;32
88;71;49;21;65;87;58;63
89;12;51;16;78;70;44;31
90;73;7;46;70;1;55;87

[SEPARACIONES]
estudiante_i;estudiante_j
2;13
3;46
4;90
5;71
9;36
11;13
12;90
14;16
15;50
20;68
20;74
24;86
26;32
30;66
30;86
41;71
46;53
48;86
57;78
60;75
62;77
73;82

[NOTAS]
generacion=aleatoria_controlada
preferencias_por_estudiante=P_fijo
genero=balanceado_dentro_de_cada_curso_de_origen
criterios_perfil=sorteados_de_forma_independiente
separaciones=aprox_N_div_4
estado=instancia_de_experimento
pesos_funcion_objetivo=no_incluidos_en_la_instancia
factibilidad=se_uso_una_asignacion_testigo_solo_para_generar_la_instancia
