# ------------------------------------------------------------
# Instancia sintetica para pruebas del modelo exacto
# L = 36 estudiantes por curso
# P = 5 preferencias por estudiante
# C = 5 cursos nuevos
# Total = 180 estudiantes
# ------------------------------------------------------------

# INSTANCIA DE REASIGNACION DE ESTUDIANTES
# Este archivo contiene los datos de entrada de la instancia. La solucion se guarda aparte.

[INSTANCIA]
nombre=c_n_36_l_5_s_5_i_5
semilla=50683
N=180
C=5
L=36
P=5

[CURSOS_NUEVOS]
curso;capacidad
1;36
2;36
3;36
4;36
5;36

[BALANCE_GENERO]
grupos=F,M
diferencia_maxima=1

[CURSOS_ORIGEN]
cursos_origen=O1,O2,O3,O4,O5
minimo_O1=6
minimo_O2=6
minimo_O3=6
minimo_O4=6
minimo_O5=6

[CRITERIOS_BALANCE]
criterios=academico,socioemocional,convivencia
niveles=1,2,3

[ESTUDIANTES]
estudiante;curso_origen;genero;academico;socioemocional;convivencia
1;O1;M;3;1;2
2;O1;F;3;1;3
3;O1;F;3;3;1
4;O1;M;1;3;1
5;O1;F;2;1;3
6;O1;M;1;3;3
7;O1;M;1;2;1
8;O1;F;1;2;3
9;O1;M;3;3;2
10;O1;M;2;2;1
11;O1;F;2;1;1
12;O1;F;1;1;3
13;O1;F;1;1;3
14;O1;M;3;2;3
15;O1;F;3;3;3
16;O1;F;3;1;1
17;O1;M;3;1;2
18;O1;F;1;2;1
19;O1;M;3;1;1
20;O1;F;2;1;3
21;O1;F;3;2;3
22;O1;M;2;2;2
23;O1;M;2;3;2
24;O1;F;2;1;3
25;O1;M;1;2;2
26;O1;M;3;3;2
27;O1;M;2;1;1
28;O1;F;2;2;3
29;O1;M;3;1;3
30;O1;M;1;1;2
31;O1;F;3;2;2
32;O1;M;1;2;3
33;O1;F;2;1;2
34;O1;M;3;1;1
35;O1;F;3;1;3
36;O1;F;1;1;1
37;O2;M;1;1;2
38;O2;F;3;1;1
39;O2;F;2;3;3
40;O2;F;1;2;2
41;O2;F;1;3;1
42;O2;F;3;2;1
43;O2;M;3;2;2
44;O2;M;3;3;2
45;O2;M;1;3;1
46;O2;F;3;2;3
47;O2;M;2;1;2
48;O2;M;3;2;3
49;O2;M;3;2;2
50;O2;F;2;2;3
51;O2;M;1;2;1
52;O2;M;2;3;1
53;O2;M;2;3;1
54;O2;F;2;3;2
55;O2;F;2;3;3
56;O2;M;2;3;2
57;O2;M;1;3;1
58;O2;F;1;2;3
59;O2;F;2;2;3
60;O2;M;3;1;3
61;O2;M;1;2;2
62;O2;M;1;1;3
63;O2;M;1;1;2
64;O2;F;3;1;3
65;O2;M;1;3;3
66;O2;F;3;2;3
67;O2;F;3;2;3
68;O2;M;3;1;2
69;O2;F;1;2;2
70;O2;F;3;2;2
71;O2;F;1;1;2
72;O2;F;3;3;2
73;O3;M;3;3;3
74;O3;F;2;2;2
75;O3;M;3;1;3
76;O3;M;2;3;3
77;O3;M;3;1;3
78;O3;F;2;1;1
79;O3;F;3;3;1
80;O3;F;3;2;1
81;O3;M;1;1;2
82;O3;F;2;2;3
83;O3;M;2;2;1
84;O3;M;1;1;3
85;O3;M;3;3;3
86;O3;M;2;3;3
87;O3;F;1;3;3
88;O3;F;2;3;3
89;O3;F;3;3;3
90;O3;M;1;3;1
91;O3;F;2;3;2
92;O3;F;2;2;1
93;O3;M;2;2;2
94;O3;F;3;1;1
95;O3;M;2;2;1
96;O3;F;3;2;2
97;O3;M;2;3;2
98;O3;M;3;3;1
99;O3;F;1;1;1
100;O3;M;2;3;3
101;O3;M;1;2;3
102;O3;M;1;1;3
103;O3;F;2;1;3
104;O3;F;1;2;3
105;O3;F;2;2;2
106;O3;F;3;3;1
107;O3;F;3;3;1
108;O3;M;2;1;1
109;O4;F;1;2;2
110;O4;M;2;1;1
111;O4;M;1;2;1
112;O4;M;1;2;2
113;O4;M;3;2;1
114;O4;M;1;1;3
115;O4;F;3;1;2
116;O4;M;3;2;2
117;O4;M;2;3;2
118;O4;F;3;3;3
119;O4;M;3;2;2
120;O4;F;2;1;1
121;O4;M;3;3;3
122;O4;M;3;1;3
123;O4;F;3;1;1
124;O4;M;1;2;3
125;O4;M;3;1;1
126;O4;M;3;3;3
127;O4;F;3;2;2
128;O4;M;3;2;2
129;O4;F;1;2;3
130;O4;F;1;2;1
131;O4;M;1;2;1
132;O4;M;3;2;1
133;O4;F;2;2;3
134;O4;F;3;3;2
135;O4;M;2;3;3
136;O4;M;1;3;1
137;O4;F;1;2;2
138;O4;F;1;1;1
139;O4;F;1;3;2
140;O4;F;3;1;2
141;O4;F;2;1;1
142;O4;F;3;1;3
143;O4;F;1;3;2
144;O4;F;3;1;2
145;O5;F;2;3;2
146;O5;M;3;2;2
147;O5;M;2;1;3
148;O5;M;1;2;2
149;O5;M;2;3;3
150;O5;F;3;1;2
151;O5;M;3;1;1
152;O5;F;2;2;2
153;O5;F;2;2;2
154;O5;M;2;3;3
155;O5;M;2;2;1
156;O5;M;1;1;3
157;O5;F;1;2;3
158;O5;F;2;2;1
159;O5;F;2;2;3
160;O5;F;2;3;2
161;O5;F;3;1;2
162;O5;F;1;2;3
163;O5;F;1;2;1
164;O5;M;2;3;2
165;O5;F;2;2;1
166;O5;F;3;2;3
167;O5;M;1;2;3
168;O5;M;1;2;1
169;O5;F;3;3;1
170;O5;M;2;1;2
171;O5;M;2;3;1
172;O5;M;2;3;1
173;O5;F;3;2;1
174;O5;M;1;2;3
175;O5;M;2;3;1
176;O5;F;1;1;1
177;O5;F;2;2;3
178;O5;M;2;1;2
179;O5;M;3;1;1
180;O5;F;3;2;2

[PREFERENCIAS]
# En esta familia P=5, por lo que cada estudiante tiene 5 preferencias
estudiante;preferencia_1;preferencia_2;preferencia_3;preferencia_4;preferencia_5
1;63;152;40;34;32
2;42;88;16;179;44
3;149;17;61;152;153
4;83;2;60;101;103
5;81;61;125;38;94
6;94;34;78;44;96
7;2;35;96;66;168
8;149;33;166;48;81
9;145;177;79;11;136
10;88;167;70;102;114
11;154;119;56;18;58
12;9;78;121;123;3
13;23;41;16;128;34
14;170;71;150;91;2
15;52;37;86;132;171
16;30;95;22;83;73
17;67;117;109;3;64
18;59;102;86;67;20
19;82;142;138;100;116
20;64;154;130;17;119
21;63;98;172;156;81
22;153;4;170;15;77
23;112;178;169;21;168
24;8;155;1;10;63
25;42;13;18;104;100
26;128;32;161;160;130
27;133;89;162;135;115
28;42;27;102;152;46
29;3;31;43;151;141
30;171;98;48;126;138
31;25;47;13;84;162
32;151;180;127;134;113
33;11;165;100;140;168
34;61;131;145;125;148
35;118;130;101;165;152
36;56;96;110;73;117
37;99;34;24;122;10
38;126;137;144;96;25
39;38;149;88;15;79
40;33;90;19;87;91
41;56;7;156;90;140
42;12;16;33;128;141
43;169;47;161;2;133
44;104;30;166;120;66
45;70;53;43;155;12
46;9;124;85;56;179
47;63;155;118;50;9
48;33;167;56;1;130
49;92;71;67;87;150
50;179;43;148;109;16
51;53;49;84;129;25
52;113;105;80;107;42
53;162;17;167;164;11
54;175;151;75;4;95
55;11;52;88;117;161
56;93;122;99;129;146
57;95;93;22;81;165
58;150;91;175;155;119
59;143;170;108;57;52
60;157;67;145;87;169
61;72;160;162;104;96
62;11;79;59;88;44
63;18;128;77;146;34
64;93;120;70;131;122
65;63;97;92;69;176
66;114;14;115;54;129
67;40;31;160;70;77
68;119;62;168;145;67
69;180;15;13;118;30
70;18;152;23;17;138
71;177;42;156;87;175
72;73;95;170;157;8
73;51;57;63;122;71
74;115;113;43;108;128
75;165;61;85;77;118
76;168;173;180;157;12
77;131;1;145;27;23
78;46;108;83;111;134
79;147;8;22;81;18
80;29;9;180;25;53
81;73;5;71;85;4
82;115;96;33;59;142
83;27;45;116;94;54
84;43;104;89;87;29
85;6;111;54;100;12
86;110;66;157;38;16
87;118;95;11;91;64
88;76;7;143;147;173
89;114;130;136;13;72
90;52;180;115;87;46
91;31;180;134;102;23
92;122;14;81;47;88
93;148;142;65;171;115
94;16;109;104;12;135
95;8;93;153;5;73
96;126;176;150;75;140
97;119;5;132;19;26
98;29;148;108;83;62
99;64;51;33;169;157
100;106;121;149;17;136
101;126;83;135;156;109
102;60;176;108;39;6
103;70;113;136;98;152
104;69;125;153;51;89
105;124;136;170;126;56
106;93;68;2;39;50
107;88;144;40;15;141
108;95;109;9;71;55
109;174;21;14;152;134
110;174;72;176;94;28
111;28;133;8;24;50
112;52;83;8;169;124
113;43;51;92;22;35
114;153;123;89;22;96
115;6;151;120;113;75
116;95;113;82;109;156
117;172;157;104;42;29
118;119;175;86;79;63
119;7;123;70;121;76
120;88;157;174;165;117
121;10;7;150;59;97
122;37;33;94;142;127
123;106;158;130;117;176
124;155;103;80;41;44
125;13;34;31;105;167
126;125;25;83;3;148
127;130;48;10;152;111
128;108;173;120;117;124
129;132;156;30;153;92
130;93;29;42;71;108
131;17;137;127;142;4
132;141;92;35;161;100
133;116;96;142;103;85
134;18;22;128;180;105
135;103;3;43;106;149
136;141;142;112;16;80
137;180;168;152;156;59
138;91;126;51;32;112
139;73;88;149;98;127
140;37;124;105;25;158
141;143;20;13;89;35
142;138;107;22;178;124
143;127;100;106;132;95
144;56;155;136;126;180
145;174;87;53;114;158
146;73;42;57;142;33
147;92;109;102;179;140
148;83;130;10;151;112
149;132;89;35;129;153
150;92;65;52;14;156
151;54;88;177;106;148
152;56;55;124;129;21
153;81;113;47;145;168
154;40;88;158;115;128
155;127;161;15;51;111
156;67;4;39;111;153
157;125;128;102;19;80
158;9;143;1;180;104
159;137;96;112;148;31
160;10;121;180;168;175
161;178;169;20;103;124
162;76;77;92;23;58
163;146;17;43;61;86
164;131;41;106;145;125
165;17;139;121;37;43
166;10;144;171;36;41
167;50;126;109;119;97
168;147;53;57;61;20
169;149;127;59;126;20
170;92;103;89;161;167
171;30;95;47;166;45
172;139;87;162;41;89
173;35;83;161;68;43
174;105;53;36;131;142
175;112;93;133;58;73
176;45;161;150;179;24
177;119;156;13;134;50
178;142;73;121;140;84
179;130;44;91;110;113
180;113;57;135;52;10

[SEPARACIONES]
estudiante_i;estudiante_j
1;129
2;7
4;7
11;137
15;107
19;125
19;163
25;162
27;39
27;93
33;117
33;169
35;125
38;158
40;103
42;52
42;79
45;103
45;177
46;159
50;159
53;67
55;165
61;151
61;155
62;80
69;90
70;168
72;107
79;98
83;94
83;173
84;105
91;92
91;123
91;151
100;161
104;130
112;151
115;140
117;143
128;155
130;175
147;179
169;177

[NOTAS]
generacion=aleatoria_controlada
preferencias_por_estudiante=P_fijo
genero=balanceado_dentro_de_cada_curso_de_origen
criterios_perfil=sorteados_de_forma_independiente
separaciones=aprox_N_div_4
estado=instancia_de_experimento
pesos_funcion_objetivo=no_incluidos_en_la_instancia
factibilidad=se_uso_una_asignacion_testigo_solo_para_generar_la_instancia
