# ------------------------------------------------------------
# Instancia sintetica para pruebas del modelo exacto
# L = 18 estudiantes por curso
# P = 6 preferencias por estudiante
# C = 5 cursos nuevos
# Total = 90 estudiantes
# ------------------------------------------------------------

# INSTANCIA DE REASIGNACION DE ESTUDIANTES
# Este archivo contiene los datos de entrada de la instancia. La solucion se guarda aparte.

[INSTANCIA]
nombre=c_n_18_l_6_s_5_i_1
semilla=60608
N=90
C=5
L=18
P=6

[CURSOS_NUEVOS]
curso;capacidad
1;18
2;18
3;18
4;18
5;18

[BALANCE_GENERO]
grupos=F,M
diferencia_maxima=1

[CURSOS_ORIGEN]
cursos_origen=O1,O2,O3,O4,O5
minimo_O1=2
minimo_O2=2
minimo_O3=2
minimo_O4=2
minimo_O5=2

[CRITERIOS_BALANCE]
criterios=academico,socioemocional,convivencia
niveles=1,2,3

[ESTUDIANTES]
estudiante;curso_origen;genero;academico;socioemocional;convivencia
1;O1;F;3;2;1
2;O1;M;1;1;3
3;O1;F;1;1;1
4;O1;M;3;1;1
5;O1;F;3;2;3
6;O1;F;3;2;2
7;O1;M;3;1;2
8;O1;M;2;3;1
9;O1;M;1;1;3
10;O1;M;2;1;1
11;O1;F;1;1;1
12;O1;F;2;1;3
13;O1;M;3;2;3
14;O1;F;1;2;2
15;O1;M;1;1;3
16;O1;F;3;3;3
17;O1;F;2;1;3
18;O1;M;2;1;3
19;O2;M;1;2;2
20;O2;F;2;1;3
21;O2;F;2;2;3
22;O2;M;3;2;2
23;O2;F;1;1;3
24;O2;F;2;3;2
25;O2;F;2;1;3
26;O2;M;1;2;2
27;O2;M;3;3;1
28;O2;F;2;3;2
29;O2;F;2;2;1
30;O2;M;2;3;2
31;O2;M;1;2;1
32;O2;M;3;3;2
33;O2;M;3;1;1
34;O2;M;2;3;1
35;O2;F;3;2;1
36;O2;F;2;2;1
37;O3;F;3;1;3
38;O3;M;2;2;3
39;O3;F;2;2;2
40;O3;F;2;1;2
41;O3;F;1;3;3
42;O3;M;1;3;3
43;O3;M;2;3;2
44;O3;M;2;2;1
45;O3;M;2;1;3
46;O3;M;1;2;1
47;O3;M;2;3;2
48;O3;M;1;2;1
49;O3;F;3;2;3
50;O3;F;1;1;2
51;O3;M;1;1;1
52;O3;F;1;3;2
53;O3;F;1;2;3
54;O3;F;3;1;1
55;O4;M;2;2;3
56;O4;M;3;3;2
57;O4;M;1;1;3
58;O4;F;3;2;3
59;O4;F;1;3;2
60;O4;F;3;1;1
61;O4;F;2;2;1
62;O4;M;2;1;3
63;O4;F;1;3;2
64;O4;F;2;2;2
65;O4;F;2;2;1
66;O4;F;3;1;1
67;O4;M;1;3;2
68;O4;F;1;2;3
69;O4;M;1;3;2
70;O4;M;2;2;2
71;O4;M;2;2;2
72;O4;M;3;3;3
73;O5;F;1;1;3
74;O5;F;3;2;1
75;O5;F;2;2;2
76;O5;M;3;2;1
77;O5;M;2;2;1
78;O5;M;1;2;2
79;O5;F;3;3;1
80;O5;M;3;2;2
81;O5;M;2;2;2
82;O5;F;1;1;1
83;O5;F;1;3;2
84;O5;M;2;3;3
85;O5;F;3;2;1
86;O5;F;1;1;3
87;O5;M;1;1;3
88;O5;M;1;3;1
89;O5;F;1;2;3
90;O5;M;2;2;3

[PREFERENCIAS]
# En esta familia P=6, por lo que cada estudiante tiene 6 preferencias
estudiante;preferencia_1;preferencia_2;preferencia_3;preferencia_4;preferencia_5;preferencia_6
1;26;70;21;87;67;79
2;42;31;50;70;33;54
3;75;32;88;51;81;86
4;63;17;87;34;10;70
5;8;28;13;35;43;44
6;28;23;47;9;73;27
7;26;61;64;19;79;31
8;6;5;63;37;24;57
9;48;26;51;3;27;35
10;67;54;39;40;4;76
11;47;64;7;29;23;80
12;56;62;72;85;57;60
13;14;86;1;41;61;64
14;35;10;63;27;9;89
15;17;82;52;44;43;34
16;62;78;5;17;40;36
17;80;5;23;2;33;29
18;8;15;34;6;28;42
19;35;18;87;62;46;73
20;62;45;84;86;68;60
21;10;46;67;34;77;61
22;57;51;29;41;11;9
23;18;56;27;17;74;45
24;32;69;71;33;66;25
25;22;12;24;68;37;75
26;14;56;71;3;90;48
27;53;56;48;28;57;73
28;8;12;7;75;66;4
29;57;41;22;15;9;36
30;65;66;29;5;31;51
31;62;43;47;36;33;48
32;90;51;58;63;39;61
33;15;5;40;81;61;79
34;25;30;10;54;61;3
35;61;24;41;65;44;18
36;90;24;37;71;70;9
37;7;53;12;51;34;39
38;32;73;83;48;82;40
39;81;67;62;68;21;88
40;20;75;68;57;38;85
41;22;50;17;64;78;35
42;26;21;28;50;43;59
43;37;88;67;21;62;76
44;81;61;18;66;15;13
45;78;81;48;2;70;36
46;23;44;31;77;71;13
47;80;61;12;85;54;57
48;59;49;68;32;64;85
49;50;63;28;37;55;21
50;43;40;46;69;41;54
51;60;66;59;10;61;73
52;41;68;27;66;4;89
53;60;64;63;87;48;77
54;79;3;2;82;90;38
55;74;2;58;41;80;14
56;77;24;6;60;44;35
57;5;63;19;68;1;31
58;90;47;4;11;83;27
59;38;4;7;41;11;79
60;32;80;59;56;6;12
61;67;25;43;77;41;56
62;7;30;55;27;54;58
63;77;34;4;43;16;18
64;69;51;16;23;37;75
65;68;79;6;87;88;33
66;81;62;51;87;25;4
67;80;49;22;52;86;32
68;52;13;44;62;2;57
69;68;86;66;71;13;49
70;39;25;15;1;17;67
71;69;39;1;89;15;61
72;40;15;83;89;18;13
73;56;20;79;61;47;2
74;57;55;90;48;68;66
75;11;3;7;43;73;42
76;54;26;45;69;36;15
77;37;69;38;60;47;68
78;69;59;71;86;29;38
79;26;53;55;14;86;67
80;75;74;12;71;22;64
81;56;41;24;47;3;12
82;9;33;67;65;83;22
83;1;2;69;70;19;88
84;53;81;20;82;27;72
85;61;59;82;29;58;46
86;21;23;3;83;39;42
87;22;43;21;67;40;60
88;62;49;41;73;11;90
89;36;6;67;80;53;70
90;49;29;15;7;67;83

[SEPARACIONES]
estudiante_i;estudiante_j
7;49
9;46
9;47
15;88
20;29
20;71
21;63
22;25
27;90
29;59
32;87
36;53
36;65
37;48
41;52
46;83
46;84
50;85
54;85
58;78
72;73
81;90

[NOTAS]
generacion=aleatoria_controlada
preferencias_por_estudiante=P_fijo
genero=balanceado_dentro_de_cada_curso_de_origen
criterios_perfil=sorteados_de_forma_independiente
separaciones=aprox_N_div_4
estado=instancia_de_experimento
pesos_funcion_objetivo=no_incluidos_en_la_instancia
factibilidad=se_uso_una_asignacion_testigo_solo_para_generar_la_instancia
