# ------------------------------------------------------------
# Instancia sintetica para pruebas del modelo exacto
# L = 36 estudiantes por curso
# P = 3 preferencias por estudiante
# C = 4 cursos nuevos
# Total = 144 estudiantes
# ------------------------------------------------------------

# INSTANCIA DE REASIGNACION DE ESTUDIANTES
# Este archivo contiene los datos de entrada de la instancia. La solucion se guarda aparte.

[INSTANCIA]
nombre=c_n_36_l_3_s_4_i_9
semilla=30596
N=144
C=4
L=36
P=3

[CURSOS_NUEVOS]
curso;capacidad
1;36
2;36
3;36
4;36

[BALANCE_GENERO]
grupos=F,M
diferencia_maxima=1

[CURSOS_ORIGEN]
cursos_origen=O1,O2,O3,O4
minimo_O1=8
minimo_O2=8
minimo_O3=8
minimo_O4=8

[CRITERIOS_BALANCE]
criterios=academico,socioemocional,convivencia
niveles=1,2,3

[ESTUDIANTES]
estudiante;curso_origen;genero;academico;socioemocional;convivencia
1;O1;F;1;2;2
2;O1;M;1;2;2
3;O1;M;1;3;3
4;O1;F;1;3;1
5;O1;F;1;1;3
6;O1;F;3;3;1
7;O1;F;3;3;1
8;O1;F;3;3;2
9;O1;F;3;1;3
10;O1;F;1;1;3
11;O1;M;3;3;3
12;O1;M;2;3;1
13;O1;F;2;2;2
14;O1;M;2;3;1
15;O1;M;2;1;3
16;O1;M;3;2;2
17;O1;F;1;1;2
18;O1;M;2;2;3
19;O1;F;2;1;2
20;O1;M;1;1;2
21;O1;F;3;1;3
22;O1;M;3;1;1
23;O1;F;1;1;1
24;O1;M;2;3;1
25;O1;M;1;3;3
26;O1;M;1;2;3
27;O1;F;1;2;1
28;O1;M;2;1;3
29;O1;M;3;3;2
30;O1;M;1;1;1
31;O1;F;2;3;3
32;O1;M;3;1;3
33;O1;F;1;3;2
34;O1;F;2;2;3
35;O1;M;1;2;2
36;O1;F;2;1;2
37;O2;F;3;3;2
38;O2;M;2;2;2
39;O2;M;1;3;1
40;O2;M;1;2;2
41;O2;F;3;3;1
42;O2;F;2;3;1
43;O2;F;3;2;2
44;O2;F;3;3;1
45;O2;M;2;2;1
46;O2;F;2;1;3
47;O2;F;3;1;1
48;O2;M;1;3;1
49;O2;M;1;2;1
50;O2;M;3;2;2
51;O2;F;1;3;1
52;O2;F;2;3;3
53;O2;F;3;3;1
54;O2;M;3;3;1
55;O2;F;2;3;3
56;O2;F;1;3;3
57;O2;F;2;1;1
58;O2;M;3;2;2
59;O2;M;2;3;3
60;O2;M;1;1;3
61;O2;M;2;2;2
62;O2;F;1;2;1
63;O2;M;2;3;3
64;O2;F;1;3;1
65;O2;M;2;3;3
66;O2;F;2;1;3
67;O2;M;2;3;1
68;O2;M;1;1;2
69;O2;F;2;1;2
70;O2;M;3;3;2
71;O2;M;2;2;3
72;O2;F;2;3;2
73;O3;F;1;3;2
74;O3;M;3;1;1
75;O3;F;1;1;3
76;O3;F;3;3;3
77;O3;F;2;1;2
78;O3;M;1;1;1
79;O3;F;2;2;2
80;O3;M;1;2;1
81;O3;M;1;1;2
82;O3;M;3;1;1
83;O3;F;3;2;1
84;O3;F;2;2;2
85;O3;M;2;2;2
86;O3;M;3;2;3
87;O3;F;1;1;3
88;O3;M;2;3;2
89;O3;M;1;3;3
90;O3;M;1;1;1
91;O3;F;1;1;2
92;O3;F;3;2;3
93;O3;M;1;3;2
94;O3;F;3;3;3
95;O3;F;1;1;1
96;O3;F;2;1;3
97;O3;M;2;2;3
98;O3;M;1;3;3
99;O3;M;1;2;1
100;O3;M;2;3;1
101;O3;F;3;1;3
102;O3;M;2;1;2
103;O3;F;3;1;3
104;O3;F;1;2;3
105;O3;F;1;1;1
106;O3;M;3;2;1
107;O3;F;2;1;3
108;O3;M;2;2;1
109;O4;M;3;1;1
110;O4;F;1;1;2
111;O4;M;3;2;2
112;O4;M;2;1;3
113;O4;M;2;1;1
114;O4;M;1;2;2
115;O4;M;2;3;2
116;O4;M;1;1;2
117;O4;M;2;3;3
118;O4;F;3;1;2
119;O4;F;3;2;2
120;O4;F;3;1;2
121;O4;M;3;2;2
122;O4;F;3;1;3
123;O4;F;1;2;1
124;O4;F;2;3;1
125;O4;F;1;3;3
126;O4;F;3;3;3
127;O4;F;3;3;1
128;O4;M;1;2;3
129;O4;F;1;1;1
130;O4;F;1;3;2
131;O4;M;1;2;1
132;O4;M;2;3;1
133;O4;F;1;2;1
134;O4;F;1;2;2
135;O4;F;1;2;1
136;O4;M;2;1;3
137;O4;M;1;3;3
138;O4;M;2;1;2
139;O4;F;3;1;3
140;O4;M;3;3;2
141;O4;M;1;3;2
142;O4;F;3;2;3
143;O4;M;3;2;1
144;O4;F;2;1;1

[PREFERENCIAS]
# En esta familia P=3, por lo que cada estudiante tiene 3 preferencias
estudiante;preferencia_1;preferencia_2;preferencia_3
1;126;144;23
2;55;106;89
3;51;136;78
4;44;125;139
5;9;45;66
6;64;30;66
7;124;26;33
8;71;69;111
9;102;129;104
10;140;74;19
11;66;79;130
12;123;122;9
13;110;16;73
14;36;124;17
15;22;100;25
16;24;95;7
17;129;25;112
18;3;134;115
19;60;37;59
20;141;30;91
21;127;125;91
22;113;141;47
23;45;115;18
24;123;19;2
25;138;56;48
26;30;49;106
27;142;120;24
28;16;15;121
29;39;62;7
30;49;27;42
31;93;28;50
32;37;140;33
33;111;85;109
34;137;76;121
35;126;142;75
36;104;109;122
37;62;103;3
38;21;124;108
39;144;84;7
40;72;43;98
41;79;60;133
42;64;50;122
43;88;34;141
44;113;34;117
45;73;92;131
46;85;61;68
47;65;26;15
48;101;87;1
49;81;122;117
50;141;127;37
51;40;105;109
52;108;138;70
53;101;5;57
54;69;74;141
55;27;123;84
56;57;109;108
57;80;54;39
58;36;53;22
59;71;116;42
60;7;105;39
61;94;6;14
62;139;34;86
63;112;115;42
64;115;13;140
65;92;127;25
66;130;80;124
67;55;88;5
68;139;122;100
69;122;42;129
70;135;12;62
71;61;72;65
72;6;113;42
73;35;133;26
74;85;54;21
75;106;132;113
76;27;141;18
77;42;5;104
78;69;71;123
79;110;133;69
80;5;44;135
81;83;104;48
82;133;89;110
83;16;112;82
84;93;30;67
85;91;54;12
86;124;105;11
87;55;48;102
88;40;34;84
89;63;13;32
90;81;13;14
91;135;53;99
92;27;105;87
93;115;134;133
94;30;23;68
95;144;106;96
96;19;107;128
97;129;78;140
98;54;108;18
99;93;122;94
100;34;73;43
101;80;34;109
102;101;121;23
103;68;124;122
104;17;91;124
105;102;2;132
106;50;144;34
107;13;82;2
108;111;86;83
109;9;24;127
110;106;60;44
111;92;1;81
112;61;135;5
113;15;54;111
114;63;121;138
115;82;26;23
116;144;7;140
117;93;96;53
118;21;87;45
119;37;71;5
120;86;40;9
121;5;27;111
122;89;43;53
123;42;133;119
124;35;19;25
125;68;50;25
126;88;17;41
127;71;111;22
128;55;124;73
129;118;94;79
130;119;127;15
131;24;21;89
132;46;141;22
133;17;81;114
134;73;80;110
135;103;98;95
136;111;89;118
137;42;13;27
138;30;124;115
139;67;47;35
140;121;104;18
141;105;36;131
142;56;34;128
143;93;118;67
144;79;16;8

[SEPARACIONES]
estudiante_i;estudiante_j
3;111
5;26
5;99
6;8
8;65
9;66
11;118
13;90
14;31
15;122
18;21
18;32
19;80
24;134
25;64
25;95
27;110
28;61
33;119
38;73
41;137
42;62
44;120
47;140
48;62
53;105
58;112
64;127
65;112
80;127
88;89
98;111
98;134
105;129
107;137
118;125

[NOTAS]
generacion=aleatoria_controlada
preferencias_por_estudiante=P_fijo
genero=balanceado_dentro_de_cada_curso_de_origen
criterios_perfil=sorteados_de_forma_independiente
separaciones=aprox_N_div_4
estado=instancia_de_experimento
pesos_funcion_objetivo=no_incluidos_en_la_instancia
factibilidad=se_uso_una_asignacion_testigo_solo_para_generar_la_instancia
