# ------------------------------------------------------------
# Instancia sintetica para pruebas del modelo exacto
# L = 18 estudiantes por curso
# P = 6 preferencias por estudiante
# C = 5 cursos nuevos
# Total = 90 estudiantes
# ------------------------------------------------------------

# INSTANCIA DE REASIGNACION DE ESTUDIANTES
# Este archivo contiene los datos de entrada de la instancia. La solucion se guarda aparte.

[INSTANCIA]
nombre=c_n_18_l_6_s_5_i_7
semilla=60650
N=90
C=5
L=18
P=6

[CURSOS_NUEVOS]
curso;capacidad
1;18
2;18
3;18
4;18
5;18

[BALANCE_GENERO]
grupos=F,M
diferencia_maxima=1

[CURSOS_ORIGEN]
cursos_origen=O1,O2,O3,O4,O5
minimo_O1=2
minimo_O2=2
minimo_O3=2
minimo_O4=2
minimo_O5=2

[CRITERIOS_BALANCE]
criterios=academico,socioemocional,convivencia
niveles=1,2,3

[ESTUDIANTES]
estudiante;curso_origen;genero;academico;socioemocional;convivencia
1;O1;F;2;2;1
2;O1;M;2;1;2
3;O1;F;1;3;3
4;O1;F;1;3;3
5;O1;F;1;3;2
6;O1;M;1;1;3
7;O1;F;2;1;1
8;O1;F;1;3;3
9;O1;M;2;3;2
10;O1;M;2;2;2
11;O1;M;1;2;3
12;O1;F;3;3;2
13;O1;M;3;3;3
14;O1;M;2;2;1
15;O1;F;3;2;3
16;O1;F;1;3;2
17;O1;M;2;3;3
18;O1;M;3;3;1
19;O2;M;2;3;1
20;O2;M;1;1;3
21;O2;F;1;1;3
22;O2;F;1;2;3
23;O2;M;1;3;1
24;O2;M;1;2;2
25;O2;F;1;2;1
26;O2;F;1;2;1
27;O2;M;1;3;1
28;O2;F;2;1;3
29;O2;F;1;2;1
30;O2;M;1;2;3
31;O2;F;3;1;2
32;O2;F;1;2;2
33;O2;M;1;1;3
34;O2;F;3;1;2
35;O2;M;1;2;2
36;O2;M;3;1;3
37;O3;M;2;3;1
38;O3;F;1;1;3
39;O3;M;3;1;3
40;O3;M;3;1;2
41;O3;F;3;2;1
42;O3;F;2;2;3
43;O3;F;1;1;1
44;O3;M;1;1;3
45;O3;M;1;1;2
46;O3;M;3;2;3
47;O3;M;3;2;3
48;O3;F;3;2;1
49;O3;F;3;1;2
50;O3;M;1;1;3
51;O3;F;3;3;1
52;O3;M;3;2;1
53;O3;F;2;2;1
54;O3;F;3;3;1
55;O4;F;3;1;2
56;O4;M;1;1;3
57;O4;M;2;2;1
58;O4;F;3;3;3
59;O4;F;2;1;3
60;O4;F;3;2;2
61;O4;M;1;1;2
62;O4;M;1;2;2
63;O4;M;2;2;2
64;O4;F;2;3;2
65;O4;M;3;1;2
66;O4;M;3;2;3
67;O4;F;3;1;2
68;O4;F;2;2;3
69;O4;M;3;3;3
70;O4;F;2;1;3
71;O4;F;1;1;3
72;O4;M;3;2;3
73;O5;F;2;2;2
74;O5;F;3;1;3
75;O5;M;2;2;1
76;O5;F;3;2;3
77;O5;M;2;2;2
78;O5;M;3;1;2
79;O5;M;1;3;3
80;O5;F;3;2;3
81;O5;M;3;2;2
82;O5;M;3;3;1
83;O5;F;1;1;3
84;O5;F;2;1;3
85;O5;M;3;3;2
86;O5;F;1;3;3
87;O5;M;3;2;3
88;O5;F;1;2;2
89;O5;M;1;1;1
90;O5;F;1;1;1

[PREFERENCIAS]
# En esta familia P=6, por lo que cada estudiante tiene 6 preferencias
estudiante;preferencia_1;preferencia_2;preferencia_3;preferencia_4;preferencia_5;preferencia_6
1;38;82;15;78;26;46
2;58;70;51;61;18;23
3;82;60;62;37;52;17
4;19;81;54;24;47;23
5;67;34;15;42;28;77
6;56;68;27;66;55;45
7;42;8;71;30;62;72
8;1;54;86;28;66;25
9;87;38;12;73;30;24
10;26;16;46;66;72;67
11;62;74;57;65;20;47
12;29;4;31;51;66;81
13;22;53;5;64;83;35
14;75;12;20;55;3;43
15;74;55;48;52;18;35
16;39;47;56;60;48;61
17;22;50;28;49;1;21
18;70;7;17;57;30;47
19;31;62;90;55;47;21
20;53;79;55;33;1;86
21;88;12;60;16;52;36
22;10;54;73;32;83;27
23;61;80;88;38;48;20
24;39;42;38;78;62;7
25;64;80;14;41;3;21
26;20;40;24;8;45;69
27;66;37;44;89;42;14
28;14;13;42;84;11;43
29;40;85;90;62;65;60
30;12;9;49;64;28;8
31;9;36;84;50;89;63
32;18;54;81;28;90;73
33;4;12;61;2;5;14
34;52;3;30;80;39;83
35;53;74;84;24;26;59
36;83;40;39;74;31;71
37;67;6;76;47;79;13
38;79;49;68;39;17;80
39;64;66;13;25;22;68
40;87;1;58;8;17;30
41;50;11;69;42;30;54
42;67;64;53;24;19;1
43;15;36;32;50;72;41
44;55;36;86;14;62;74
45;57;19;71;54;74;4
46;36;40;13;78;56;86
47;53;76;14;35;41;22
48;46;14;65;23;55;75
49;72;81;78;79;32;1
50;24;59;68;13;17;33
51;29;85;72;26;49;16
52;1;26;40;7;43;73
53;42;65;19;82;61;70
54;1;19;70;47;72;33
55;88;74;42;63;2;70
56;75;1;27;69;76;39
57;11;59;82;81;86;26
58;51;84;5;36;19;10
59;19;15;42;16;48;89
60;45;56;33;30;3;46
61;31;59;75;42;1;17
62;74;17;46;77;85;80
63;80;8;52;15;76;48
64;2;39;31;56;19;42
65;41;2;70;1;61;14
66;71;13;25;41;28;12
67;26;81;18;7;22;35
68;51;66;22;39;38;33
69;50;79;83;49;57;7
70;82;84;3;16;24;62
71;70;84;63;28;46;75
72;14;62;3;55;49;53
73;49;39;55;88;10;43
74;34;53;41;79;82;78
75;55;52;26;41;15;78
76;28;31;74;29;2;50
77;42;86;48;6;54;15
78;40;30;62;3;65;47
79;43;55;4;17;61;81
80;42;4;26;81;37;25
81;64;56;6;53;60;32
82;6;30;45;48;34;36
83;62;72;47;6;90;8
84;42;10;18;16;3;66
85;12;59;41;56;2;26
86;87;56;25;27;13;17
87;65;24;36;61;78;7
88;51;45;36;46;84;30
89;83;76;65;24;74;66
90;52;65;48;28;60;59

[SEPARACIONES]
estudiante_i;estudiante_j
4;67
4;78
6;40
9;21
11;18
13;38
17;48
23;42
23;72
29;40
32;67
32;75
32;86
39;58
40;90
42;80
43;83
48;87
55;65
63;78
64;66
64;83

[NOTAS]
generacion=aleatoria_controlada
preferencias_por_estudiante=P_fijo
genero=balanceado_dentro_de_cada_curso_de_origen
criterios_perfil=sorteados_de_forma_independiente
separaciones=aprox_N_div_4
estado=instancia_de_experimento
pesos_funcion_objetivo=no_incluidos_en_la_instancia
factibilidad=se_uso_una_asignacion_testigo_solo_para_generar_la_instancia
