# ------------------------------------------------------------
# Instancia sintetica para pruebas del modelo exacto
# L = 36 estudiantes por curso
# P = 7 preferencias por estudiante
# C = 3 cursos nuevos
# Total = 108 estudiantes
# ------------------------------------------------------------

# INSTANCIA DE REASIGNACION DE ESTUDIANTES
# Este archivo contiene los datos de entrada de la instancia. La solucion se guarda aparte.

[INSTANCIA]
nombre=c_n_36_l_7_s_3_i_0
semilla=70460
N=108
C=3
L=36
P=7

[CURSOS_NUEVOS]
curso;capacidad
1;36
2;36
3;36

[BALANCE_GENERO]
grupos=F,M
diferencia_maxima=1

[CURSOS_ORIGEN]
cursos_origen=O1,O2,O3
minimo_O1=11
minimo_O2=11
minimo_O3=11

[CRITERIOS_BALANCE]
criterios=academico,socioemocional,convivencia
niveles=1,2,3

[ESTUDIANTES]
estudiante;curso_origen;genero;academico;socioemocional;convivencia
1;O1;M;1;3;3
2;O1;F;2;1;1
3;O1;M;3;1;1
4;O1;F;1;3;1
5;O1;M;3;2;3
6;O1;F;3;1;2
7;O1;M;1;1;3
8;O1;M;2;2;2
9;O1;F;1;3;3
10;O1;M;1;2;2
11;O1;F;1;1;3
12;O1;F;3;1;2
13;O1;M;3;3;3
14;O1;M;3;1;1
15;O1;M;2;3;1
16;O1;M;3;1;1
17;O1;M;3;1;2
18;O1;F;2;2;1
19;O1;F;2;3;3
20;O1;M;3;1;1
21;O1;F;2;3;2
22;O1;M;2;2;1
23;O1;M;2;3;3
24;O1;M;3;2;3
25;O1;M;1;1;1
26;O1;F;1;1;1
27;O1;M;3;3;2
28;O1;F;2;3;1
29;O1;F;3;1;3
30;O1;M;3;1;3
31;O1;F;3;1;2
32;O1;F;3;1;2
33;O1;F;3;1;1
34;O1;F;1;3;3
35;O1;F;3;1;2
36;O1;F;3;3;2
37;O2;F;2;3;3
38;O2;F;1;2;3
39;O2;F;1;1;2
40;O2;F;3;2;3
41;O2;F;2;3;1
42;O2;F;1;3;2
43;O2;M;1;3;2
44;O2;M;2;3;3
45;O2;F;3;1;1
46;O2;F;2;1;1
47;O2;M;2;2;2
48;O2;M;1;1;1
49;O2;M;1;3;3
50;O2;M;2;3;3
51;O2;M;2;1;2
52;O2;F;3;3;3
53;O2;M;2;1;2
54;O2;M;2;2;1
55;O2;F;2;1;2
56;O2;M;2;1;1
57;O2;M;1;3;1
58;O2;M;1;2;1
59;O2;F;1;3;3
60;O2;F;1;2;2
61;O2;M;2;1;2
62;O2;F;3;3;1
63;O2;F;3;2;3
64;O2;M;2;2;3
65;O2;F;3;2;2
66;O2;F;2;3;1
67;O2;M;2;1;2
68;O2;F;3;2;1
69;O2;M;1;2;2
70;O2;F;2;1;3
71;O2;M;1;1;3
72;O2;M;3;2;3
73;O3;M;3;2;3
74;O3;M;3;2;2
75;O3;F;2;3;3
76;O3;M;2;2;1
77;O3;F;1;2;1
78;O3;F;3;3;1
79;O3;M;3;2;1
80;O3;F;3;2;2
81;O3;F;3;1;1
82;O3;M;3;3;3
83;O3;M;2;1;3
84;O3;M;1;2;2
85;O3;M;2;3;2
86;O3;F;1;3;2
87;O3;F;3;3;2
88;O3;F;3;3;1
89;O3;M;1;3;2
90;O3;M;3;2;3
91;O3;F;3;1;3
92;O3;M;2;2;3
93;O3;F;1;2;3
94;O3;F;3;1;3
95;O3;F;2;1;2
96;O3;F;1;3;3
97;O3;F;1;2;1
98;O3;F;1;1;1
99;O3;F;2;3;3
100;O3;M;1;1;3
101;O3;M;1;3;1
102;O3;M;2;1;1
103;O3;M;3;1;3
104;O3;F;2;3;2
105;O3;F;1;3;3
106;O3;M;2;2;3
107;O3;M;3;1;2
108;O3;M;1;1;3

[PREFERENCIAS]
# En esta familia P=7, por lo que cada estudiante tiene 7 preferencias
estudiante;preferencia_1;preferencia_2;preferencia_3;preferencia_4;preferencia_5;preferencia_6;preferencia_7
1;42;54;45;64;75;99;86
2;87;36;31;52;81;101;91
3;7;71;97;48;87;46;100
4;24;68;46;44;56;6;66
5;64;92;52;70;105;41;75
6;89;84;98;39;55;13;75
7;8;73;31;12;26;16;42
8;89;88;49;43;74;5;35
9;93;79;91;32;62;3;82
10;108;39;21;104;90;70;97
11;45;4;6;20;85;3;94
12;71;3;84;7;106;18;43
13;19;73;39;25;51;44;81
14;63;77;56;42;9;36;74
15;88;73;31;58;81;53;5
16;46;20;18;65;70;54;66
17;108;92;76;82;62;42;101
18;7;65;73;56;47;89;15
19;55;97;9;21;93;8;50
20;78;56;11;13;84;22;72
21;22;88;67;20;77;102;83
22;39;61;48;29;4;78;5
23;49;66;72;4;64;87;92
24;58;8;88;29;6;85;97
25;82;34;45;75;27;52;16
26;56;8;79;4;105;21;29
27;10;58;17;51;104;108;18
28;107;42;102;103;33;58;74
29;103;5;60;20;14;24;106
30;34;29;15;10;44;48;20
31;68;84;14;72;17;21;26
32;26;28;42;38;13;31;88
33;95;84;28;19;89;83;21
34;2;72;44;100;59;92;107
35;80;4;27;45;50;62;100
36;24;56;103;29;98;54;38
37;25;45;42;20;47;31;68
38;90;1;32;4;48;43;57
39;62;80;35;94;101;54;6
40;3;75;39;88;43;36;8
41;18;36;63;45;74;102;3
42;25;71;10;48;30;52;57
43;28;72;84;94;62;90;51
44;37;69;30;27;98;104;79
45;108;69;19;94;32;96;106
46;62;83;2;76;15;47;38
47;96;40;64;72;48;63;51
48;78;68;13;52;17;40;24
49;107;35;10;38;85;100;80
50;18;53;23;94;19;61;76
51;99;13;74;68;73;49;58
52;58;108;67;94;84;70;86
53;13;92;66;44;68;65;98
54;86;75;76;65;21;66;106
55;25;6;69;63;82;77;43
56;88;10;89;73;52;36;34
57;31;67;79;33;91;86;1
58;3;33;34;43;90;54;49
59;5;67;52;35;41;28;104
60;58;30;19;65;42;44;90
61;89;90;13;44;73;26;92
62;10;96;93;53;104;17;1
63;18;89;104;40;108;78;37
64;43;77;68;88;24;4;107
65;1;13;108;33;67;71;10
66;81;53;39;59;10;90;94
67;72;59;90;105;93;83;79
68;39;88;37;3;45;50;51
69;63;12;74;32;55;11;52
70;42;17;7;8;12;93;41
71;4;22;37;90;79;81;82
72;107;108;88;82;76;79;48
73;16;49;101;102;59;63;14
74;57;63;60;5;1;85;81
75;27;108;67;79;94;101;29
76;103;48;107;6;95;30;39
77;23;91;98;35;44;87;39
78;39;70;22;56;62;59;68
79;105;38;101;56;52;39;5
80;37;79;48;17;108;32;24
81;36;39;1;45;95;86;50
82;6;2;94;5;95;44;71
83;31;27;101;106;1;81;90
84;12;18;55;49;56;4;48
85;37;58;55;31;51;71;86
86;46;95;58;53;102;88;21
87;22;2;97;26;11;34;12
88;10;33;84;74;51;101;2
89;11;39;6;108;8;33;21
90;27;70;52;55;67;48;69
91;29;39;96;98;30;6;56
92;10;11;80;32;42;24;108
93;79;88;27;64;15;67;32
94;77;16;100;106;87;17;57
95;75;16;12;43;10;80;85
96;78;103;66;62;89;8;23
97;11;56;84;18;39;103;50
98;71;69;75;74;89;31;85
99;49;94;106;37;32;81;2
100;23;22;10;34;25;2;83
101;46;51;65;91;57;99;107
102;47;87;56;99;88;94;27
103;54;62;7;20;68;99;50
104;77;107;78;31;34;66;95
105;58;15;56;55;82;6;78
106;68;10;101;74;28;64;34
107;62;19;85;70;91;66;64
108;60;64;66;55;37;5;9

[SEPARACIONES]
estudiante_i;estudiante_j
1;17
1;24
2;33
4;37
5;35
5;74
6;38
7;27
8;21
13;59
15;25
15;87
15;107
20;84
25;29
27;98
35;43
40;76
48;89
59;73
61;65
62;83
66;77
70;96
71;105
72;79
74;100

[NOTAS]
generacion=aleatoria_controlada
preferencias_por_estudiante=P_fijo
genero=balanceado_dentro_de_cada_curso_de_origen
criterios_perfil=sorteados_de_forma_independiente
separaciones=aprox_N_div_4
estado=instancia_de_experimento
pesos_funcion_objetivo=no_incluidos_en_la_instancia
factibilidad=se_uso_una_asignacion_testigo_solo_para_generar_la_instancia
