# ------------------------------------------------------------
# Instancia sintetica para pruebas del modelo exacto
# L = 36 estudiantes por curso
# P = 4 preferencias por estudiante
# C = 6 cursos nuevos
# Total = 216 estudiantes
# ------------------------------------------------------------

# INSTANCIA DE REASIGNACION DE ESTUDIANTES
# Este archivo contiene los datos de entrada de la instancia. La solucion se guarda aparte.

[INSTANCIA]
nombre=c_n_36_l_4_s_6_i_2
semilla=40756
N=216
C=6
L=36
P=4

[CURSOS_NUEVOS]
curso;capacidad
1;36
2;36
3;36
4;36
5;36
6;36

[BALANCE_GENERO]
grupos=F,M
diferencia_maxima=1

[CURSOS_ORIGEN]
cursos_origen=O1,O2,O3,O4,O5,O6
minimo_O1=5
minimo_O2=5
minimo_O3=5
minimo_O4=5
minimo_O5=5
minimo_O6=5

[CRITERIOS_BALANCE]
criterios=academico,socioemocional,convivencia
niveles=1,2,3

[ESTUDIANTES]
estudiante;curso_origen;genero;academico;socioemocional;convivencia
1;O1;M;2;1;3
2;O1;M;2;1;1
3;O1;F;3;1;2
4;O1;F;3;3;1
5;O1;F;2;1;2
6;O1;F;1;1;1
7;O1;M;3;3;2
8;O1;M;1;3;3
9;O1;F;2;2;3
10;O1;F;1;2;3
11;O1;F;3;2;3
12;O1;M;2;2;1
13;O1;F;2;2;3
14;O1;F;2;3;3
15;O1;F;2;1;2
16;O1;F;2;3;2
17;O1;M;2;2;3
18;O1;F;2;3;2
19;O1;F;3;1;3
20;O1;M;3;1;2
21;O1;M;2;1;1
22;O1;M;2;2;2
23;O1;M;2;2;3
24;O1;F;3;1;3
25;O1;F;3;2;1
26;O1;F;2;1;1
27;O1;M;3;3;2
28;O1;F;2;3;1
29;O1;M;3;1;2
30;O1;M;3;2;3
31;O1;M;1;3;3
32;O1;M;1;3;1
33;O1;F;1;2;1
34;O1;M;2;3;3
35;O1;M;1;2;3
36;O1;M;2;2;3
37;O2;F;3;3;1
38;O2;M;2;2;2
39;O2;M;2;3;3
40;O2;M;2;2;2
41;O2;F;2;3;3
42;O2;F;2;3;3
43;O2;M;3;1;2
44;O2;M;3;3;2
45;O2;M;2;2;3
46;O2;F;1;2;2
47;O2;F;3;2;1
48;O2;M;1;3;3
49;O2;M;1;3;2
50;O2;F;3;1;1
51;O2;F;3;1;3
52;O2;F;1;2;3
53;O2;F;2;1;2
54;O2;F;2;3;3
55;O2;M;2;2;3
56;O2;F;1;3;2
57;O2;F;3;3;3
58;O2;F;3;3;2
59;O2;F;3;3;3
60;O2;F;3;2;1
61;O2;F;2;2;2
62;O2;M;1;3;3
63;O2;M;2;3;2
64;O2;M;1;2;3
65;O2;F;3;3;1
66;O2;M;2;3;2
67;O2;M;2;1;1
68;O2;M;1;3;1
69;O2;F;1;3;2
70;O2;M;3;1;1
71;O2;M;3;1;2
72;O2;M;3;3;3
73;O3;M;2;3;2
74;O3;M;3;3;3
75;O3;M;1;2;3
76;O3;M;1;1;3
77;O3;F;2;1;1
78;O3;M;1;1;2
79;O3;M;2;1;1
80;O3;M;3;3;1
81;O3;F;3;2;3
82;O3;F;3;3;2
83;O3;M;3;1;3
84;O3;F;1;3;3
85;O3;F;1;3;3
86;O3;F;1;1;1
87;O3;F;2;1;3
88;O3;M;2;3;3
89;O3;F;1;2;2
90;O3;F;2;2;2
91;O3;M;3;2;3
92;O3;F;2;3;1
93;O3;M;3;3;1
94;O3;F;1;3;2
95;O3;F;3;2;2
96;O3;M;3;3;3
97;O3;M;3;1;3
98;O3;M;1;3;1
99;O3;M;3;1;3
100;O3;F;1;3;3
101;O3;F;2;3;2
102;O3;F;3;2;3
103;O3;F;2;2;3
104;O3;M;2;3;3
105;O3;M;2;2;1
106;O3;F;3;1;3
107;O3;M;2;1;2
108;O3;F;2;3;3
109;O4;M;1;1;1
110;O4;M;2;3;3
111;O4;F;1;3;2
112;O4;M;1;2;3
113;O4;F;1;1;3
114;O4;F;3;3;1
115;O4;F;2;2;2
116;O4;M;1;2;3
117;O4;M;2;3;1
118;O4;M;1;2;1
119;O4;F;1;2;1
120;O4;M;3;2;3
121;O4;M;3;2;1
122;O4;F;2;1;2
123;O4;M;1;2;3
124;O4;M;1;3;3
125;O4;F;2;2;3
126;O4;F;1;2;1
127;O4;M;3;1;2
128;O4;F;2;1;1
129;O4;M;2;3;3
130;O4;F;2;1;3
131;O4;M;1;3;3
132;O4;M;1;3;1
133;O4;F;3;3;2
134;O4;M;2;2;1
135;O4;M;1;2;3
136;O4;F;2;3;3
137;O4;M;3;1;3
138;O4;F;3;2;2
139;O4;F;2;3;1
140;O4;F;3;1;3
141;O4;M;1;2;3
142;O4;F;3;2;2
143;O4;F;3;2;3
144;O4;F;2;2;2
145;O5;F;1;1;3
146;O5;F;3;3;3
147;O5;F;3;1;2
148;O5;F;2;3;3
149;O5;M;2;3;3
150;O5;M;2;3;3
151;O5;M;1;1;1
152;O5;F;2;3;3
153;O5;F;3;1;3
154;O5;F;3;2;3
155;O5;M;1;2;3
156;O5;F;2;3;2
157;O5;F;2;2;1
158;O5;F;3;1;2
159;O5;M;2;1;2
160;O5;F;2;1;2
161;O5;F;1;1;2
162;O5;F;2;2;3
163;O5;F;2;1;2
164;O5;M;1;1;1
165;O5;M;2;1;3
166;O5;M;1;1;1
167;O5;M;3;2;2
168;O5;M;1;3;3
169;O5;F;2;2;2
170;O5;M;2;1;3
171;O5;M;2;2;2
172;O5;M;2;2;3
173;O5;M;2;1;3
174;O5;M;2;3;1
175;O5;F;3;3;3
176;O5;M;2;1;2
177;O5;M;2;2;3
178;O5;M;2;1;1
179;O5;F;3;3;1
180;O5;F;3;3;3
181;O6;M;2;2;2
182;O6;M;1;3;1
183;O6;M;3;3;3
184;O6;M;2;3;1
185;O6;M;2;2;1
186;O6;F;3;3;2
187;O6;M;1;3;3
188;O6;F;3;1;2
189;O6;M;2;1;1
190;O6;F;3;2;1
191;O6;M;1;2;2
192;O6;F;3;3;2
193;O6;F;1;3;2
194;O6;M;1;1;2
195;O6;F;1;2;2
196;O6;M;1;1;1
197;O6;M;2;2;2
198;O6;F;3;3;3
199;O6;M;1;2;1
200;O6;F;2;2;1
201;O6;F;3;2;1
202;O6;F;3;3;3
203;O6;F;1;3;3
204;O6;F;1;2;1
205;O6;F;3;1;1
206;O6;M;2;3;3
207;O6;M;1;3;3
208;O6;F;2;3;2
209;O6;F;1;2;1
210;O6;F;3;3;2
211;O6;M;2;1;3
212;O6;M;2;3;3
213;O6;M;3;3;3
214;O6;M;3;2;2
215;O6;F;3;3;2
216;O6;F;1;3;2

[PREFERENCIAS]
# En esta familia P=4, por lo que cada estudiante tiene 4 preferencias
estudiante;preferencia_1;preferencia_2;preferencia_3;preferencia_4
1;74;87;16;195
2;35;43;111;143
3;4;56;110;211
4;62;150;190;179
5;72;210;87;177
6;135;165;112;96
7;31;16;207;143
8;204;203;70;167
9;201;184;124;26
10;199;3;97;183
11;194;38;72;143
12;23;38;73;86
13;198;157;153;129
14;74;179;89;33
15;42;55;103;139
16;24;8;83;161
17;107;79;93;148
18;19;121;205;34
19;102;209;165;94
20;162;32;72;77
21;43;135;132;189
22;82;171;18;1
23;138;50;35;40
24;34;211;117;161
25;198;91;185;4
26;112;49;77;216
27;215;131;153;156
28;157;113;41;30
29;55;10;108;2
30;103;90;31;177
31;16;44;179;17
32;151;19;94;191
33;82;106;201;26
34;44;204;181;165
35;34;4;112;137
36;64;14;122;212
37;103;208;134;95
38;71;157;63;25
39;22;188;73;156
40;72;211;145;14
41;167;48;35;96
42;112;28;154;186
43;7;69;178;65
44;172;15;76;141
45;112;152;51;89
46;193;105;100;205
47;193;199;88;54
48;176;170;164;123
49;157;189;75;170
50;9;157;120;110
51;184;210;172;199
52;108;93;8;158
53;103;95;115;98
54;42;26;87;31
55;113;169;180;194
56;54;195;120;213
57;47;2;206;78
58;203;15;212;42
59;199;173;93;90
60;114;80;1;169
61;10;185;9;39
62;204;55;10;162
63;54;140;8;36
64;70;123;51;125
65;158;193;104;19
66;166;95;77;88
67;149;143;173;9
68;100;62;144;205
69;170;163;52;28
70;90;21;42;196
71;62;184;198;58
72;133;163;211;154
73;117;97;51;68
74;90;169;170;136
75;138;8;196;89
76;113;134;71;22
77;213;137;38;69
78;197;194;107;11
79;167;144;120;138
80;3;71;2;147
81;169;191;82;205
82;154;103;118;52
83;120;199;173;155
84;154;209;208;160
85;132;144;67;55
86;144;117;56;151
87;76;143;207;136
88;142;113;132;8
89;208;109;47;166
90;206;176;208;169
91;151;204;144;195
92;87;210;126;41
93;176;211;51;44
94;19;167;103;22
95;135;153;41;102
96;182;161;16;145
97;96;30;17;204
98;190;130;44;97
99;133;148;186;90
100;176;193;104;159
101;207;49;214;166
102;130;79;118;9
103;117;185;54;204
104;174;62;179;156
105;209;109;143;28
106;141;85;172;92
107;22;117;73;109
108;193;179;74;135
109;101;88;63;55
110;31;160;66;41
111;139;90;137;136
112;106;51;160;206
113;154;30;50;37
114;101;175;65;128
115;109;34;55;116
116;23;138;117;197
117;181;142;112;94
118;9;214;165;181
119;38;109;26;37
120;184;214;68;137
121;176;71;104;19
122;172;214;145;41
123;80;74;173;39
124;158;192;150;76
125;209;109;211;3
126;123;176;18;45
127;172;179;170;44
128;152;114;129;137
129;25;65;110;23
130;181;160;156;172
131;28;166;183;22
132;188;156;79;99
133;29;38;145;82
134;109;176;152;174
135;123;87;140;209
136;1;210;109;12
137;138;167;68;95
138;147;4;38;179
139;109;101;124;84
140;209;29;86;138
141;204;176;193;156
142;155;67;80;104
143;91;108;41;145
144;121;169;13;126
145;97;199;80;132
146;174;95;209;54
147;173;2;13;190
148;66;1;170;126
149;174;145;164;83
150;215;141;55;44
151;211;115;130;135
152;154;79;4;163
153;143;34;133;169
154;44;96;116;162
155;32;6;212;73
156;89;117;202;12
157;209;63;120;42
158;171;63;69;197
159;146;122;104;113
160;24;38;162;129
161;96;174;175;186
162;42;23;51;178
163;126;180;62;196
164;129;75;169;126
165;130;98;145;16
166;183;11;207;105
167;185;6;54;174
168;163;35;33;53
169;98;121;160;47
170;201;180;152;82
171;54;74;137;12
172;77;97;176;23
173;59;132;196;195
174;50;117;138;81
175;117;115;84;12
176;45;182;97;142
177;134;141;110;13
178;24;69;166;78
179;201;195;182;173
180;148;11;161;22
181;140;195;80;58
182;180;175;41;176
183;79;184;207;160
184;215;49;59;5
185;183;177;49;40
186;158;143;73;212
187;32;86;113;141
188;138;213;36;99
189;162;166;201;101
190;82;103;125;212
191;16;129;81;101
192;110;91;39;130
193;128;8;46;33
194;200;29;80;101
195;105;102;210;91
196;60;141;49;118
197;154;30;196;12
198;190;124;32;90
199;188;171;99;175
200;190;189;159;172
201;205;53;43;19
202;28;96;137;94
203;165;132;154;98
204;72;136;70;1
205;213;67;175;177
206;56;110;37;26
207;63;80;163;42
208;66;80;169;179
209;139;181;215;24
210;64;151;83;181
211;2;38;72;112
212;213;204;42;99
213;71;170;111;182
214;144;196;66;56
215;35;6;12;170
216;88;183;151;118

[SEPARACIONES]
estudiante_i;estudiante_j
1;84
2;120
3;163
5;137
6;136
7;26
7;45
7;54
10;38
10;183
11;62
14;153
18;146
20;170
24;73
24;109
24;206
27;150
28;69
29;210
35;54
37;173
40;79
40;200
43;98
43;204
45;92
46;147
47;168
50;59
53;161
55;173
56;57
64;193
71;178
79;212
83;170
84;170
92;105
92;141
95;168
100;130
105;147
109;150
115;169
118;163
121;147
126;130
137;145
144;177
147;195
160;207
173;204
198;203

[NOTAS]
generacion=aleatoria_controlada
preferencias_por_estudiante=P_fijo
genero=balanceado_dentro_de_cada_curso_de_origen
criterios_perfil=sorteados_de_forma_independiente
separaciones=aprox_N_div_4
estado=instancia_de_experimento
pesos_funcion_objetivo=no_incluidos_en_la_instancia
factibilidad=se_uso_una_asignacion_testigo_solo_para_generar_la_instancia
