# ------------------------------------------------------------
# Instancia sintetica para pruebas del modelo exacto
# L = 72 estudiantes por curso
# P = 4 preferencias por estudiante
# C = 4 cursos nuevos
# Total = 288 estudiantes
# ------------------------------------------------------------

# INSTANCIA DE REASIGNACION DE ESTUDIANTES
# Este archivo contiene los datos de entrada de la instancia. La solucion se guarda aparte.

[INSTANCIA]
nombre=c_n_72_l_4_s_4_i_5
semilla=40683
N=288
C=4
L=72
P=4

[CURSOS_NUEVOS]
curso;capacidad
1;72
2;72
3;72
4;72

[BALANCE_GENERO]
grupos=F,M
diferencia_maxima=1

[CURSOS_ORIGEN]
cursos_origen=O1,O2,O3,O4
minimo_O1=17
minimo_O2=17
minimo_O3=17
minimo_O4=17

[CRITERIOS_BALANCE]
criterios=academico,socioemocional,convivencia
niveles=1,2,3

[ESTUDIANTES]
estudiante;curso_origen;genero;academico;socioemocional;convivencia
1;O1;M;3;2;3
2;O1;F;1;2;2
3;O1;F;3;3;1
4;O1;F;2;3;1
5;O1;M;1;2;2
6;O1;M;3;1;2
7;O1;M;2;3;3
8;O1;M;3;1;3
9;O1;F;2;1;2
10;O1;M;1;2;2
11;O1;F;1;1;2
12;O1;M;1;3;3
13;O1;F;3;2;1
14;O1;M;2;1;3
15;O1;F;1;2;1
16;O1;F;3;1;2
17;O1;M;1;2;2
18;O1;F;3;3;2
19;O1;F;2;2;3
20;O1;F;1;1;3
21;O1;M;2;1;1
22;O1;M;3;3;3
23;O1;F;1;3;3
24;O1;M;2;3;2
25;O1;F;1;3;1
26;O1;M;1;3;3
27;O1;M;3;1;2
28;O1;M;1;1;3
29;O1;F;2;3;2
30;O1;F;3;1;1
31;O1;F;3;3;2
32;O1;M;2;3;1
33;O1;M;2;1;2
34;O1;M;1;2;2
35;O1;M;2;2;2
36;O1;M;3;1;2
37;O1;F;2;2;1
38;O1;M;1;1;1
39;O1;M;3;3;3
40;O1;F;3;2;1
41;O1;F;3;2;3
42;O1;F;3;3;1
43;O1;F;3;1;1
44;O1;F;2;2;1
45;O1;M;1;1;3
46;O1;F;1;2;1
47;O1;M;1;2;1
48;O1;M;1;3;2
49;O1;M;2;2;3
50;O1;M;3;2;2
51;O1;M;1;2;1
52;O1;F;1;2;1
53;O1;F;1;1;2
54;O1;F;1;2;3
55;O1;F;3;3;2
56;O1;M;3;1;3
57;O1;F;2;1;2
58;O1;M;2;1;2
59;O1;F;3;3;2
60;O1;F;2;3;1
61;O1;F;1;3;2
62;O1;M;2;3;2
63;O1;M;3;1;1
64;O1;F;3;1;3
65;O1;M;2;2;3
66;O1;M;3;3;1
67;O1;F;2;2;2
68;O1;M;3;1;3
69;O1;F;1;1;1
70;O1;F;1;1;2
71;O1;F;2;1;1
72;O1;M;2;2;2
73;O2;F;1;3;2
74;O2;M;1;2;1
75;O2;M;1;1;3
76;O2;M;1;3;2
77;O2;M;1;2;1
78;O2;M;2;3;3
79;O2;M;3;3;3
80;O2;F;1;1;2
81;O2;M;1;3;2
82;O2;F;1;3;3
83;O2;F;2;1;3
84;O2;F;3;3;3
85;O2;M;3;3;3
86;O2;F;1;3;2
87;O2;F;2;1;3
88;O2;F;1;1;1
89;O2;M;1;1;2
90;O2;F;3;2;3
91;O2;F;1;3;2
92;O2;M;1;2;3
93;O2;M;2;1;2
94;O2;F;3;2;2
95;O2;M;1;2;3
96;O2;M;1;2;2
97;O2;F;2;2;1
98;O2;F;2;3;2
99;O2;M;1;2;3
100;O2;M;3;3;2
101;O2;M;3;1;2
102;O2;F;1;2;2
103;O2;M;1;3;3
104;O2;F;1;2;2
105;O2;M;1;3;1
106;O2;F;2;2;3
107;O2;M;1;3;2
108;O2;F;1;3;3
109;O2;F;3;3;3
110;O2;M;3;1;2
111;O2;F;3;3;3
112;O2;M;1;1;2
113;O2;M;3;2;2
114;O2;F;1;3;3
115;O2;F;1;1;2
116;O2;M;2;2;3
117;O2;F;3;2;1
118;O2;M;3;3;3
119;O2;F;3;1;2
120;O2;M;3;1;3
121;O2;F;1;2;3
122;O2;F;2;2;1
123;O2;M;1;2;2
124;O2;M;3;2;3
125;O2;F;3;1;1
126;O2;F;1;3;1
127;O2;M;1;2;1
128;O2;F;2;3;2
129;O2;F;2;1;1
130;O2;F;2;3;1
131;O2;F;2;1;1
132;O2;M;2;1;1
133;O2;M;3;2;2
134;O2;F;3;1;2
135;O2;F;2;2;2
136;O2;F;1;3;3
137;O2;M;1;1;1
138;O2;M;1;2;1
139;O2;M;1;1;1
140;O2;F;3;2;2
141;O2;M;1;1;2
142;O2;M;1;2;1
143;O2;F;1;1;2
144;O2;M;1;2;1
145;O3;M;2;2;1
146;O3;M;3;2;1
147;O3;M;3;1;2
148;O3;F;1;3;2
149;O3;M;1;2;3
150;O3;M;2;2;3
151;O3;M;2;3;2
152;O3;F;3;2;2
153;O3;M;1;2;3
154;O3;M;1;3;3
155;O3;F;2;3;3
156;O3;M;1;2;2
157;O3;M;1;1;3
158;O3;M;2;3;1
159;O3;F;3;1;1
160;O3;M;3;2;1
161;O3;M;3;3;3
162;O3;M;3;1;1
163;O3;M;2;3;2
164;O3;M;2;2;2
165;O3;M;3;3;1
166;O3;F;2;3;3
167;O3;F;1;1;2
168;O3;F;3;3;3
169;O3;F;2;1;2
170;O3;M;3;1;3
171;O3;F;1;3;1
172;O3;M;3;2;3
173;O3;F;3;3;3
174;O3;M;2;3;3
175;O3;F;3;3;1
176;O3;F;2;2;3
177;O3;M;1;3;1
178;O3;M;2;2;3
179;O3;F;3;3;2
180;O3;F;1;1;3
181;O3;F;3;1;3
182;O3;M;2;3;2
183;O3;F;1;3;3
184;O3;F;2;2;3
185;O3;M;3;2;3
186;O3;F;3;1;2
187;O3;F;2;2;3
188;O3;M;2;3;3
189;O3;F;2;1;1
190;O3;F;3;3;1
191;O3;F;3;2;1
192;O3;F;3;3;3
193;O3;M;1;1;3
194;O3;M;1;1;2
195;O3;F;2;2;1
196;O3;M;1;3;1
197;O3;F;3;1;2
198;O3;F;1;3;3
199;O3;F;3;3;2
200;O3;M;2;2;1
201;O3;M;3;3;1
202;O3;M;1;1;1
203;O3;F;3;3;3
204;O3;M;1;2;1
205;O3;F;1;3;2
206;O3;F;1;3;3
207;O3;F;2;2;2
208;O3;F;3;1;1
209;O3;M;1;2;1
210;O3;M;1;3;3
211;O3;M;1;3;3
212;O3;F;3;3;1
213;O3;M;3;3;1
214;O3;F;3;2;1
215;O3;F;3;2;3
216;O3;F;2;2;3
217;O4;F;2;3;3
218;O4;M;2;3;1
219;O4;F;1;2;3
220;O4;M;3;2;1
221;O4;M;2;3;2
222;O4;F;2;1;3
223;O4;M;2;2;3
224;O4;F;1;2;1
225;O4;M;3;2;2
226;O4;M;2;3;3
227;O4;M;2;1;1
228;O4;F;3;3;2
229;O4;F;2;2;1
230;O4;F;3;2;2
231;O4;F;1;2;2
232;O4;M;3;2;1
233;O4;M;1;3;3
234;O4;M;1;2;3
235;O4;F;1;2;2
236;O4;M;1;2;2
237;O4;M;2;3;3
238;O4;F;2;2;2
239;O4;F;3;3;1
240;O4;F;3;3;1
241;O4;M;2;2;1
242;O4;F;2;2;3
243;O4;M;2;2;3
244;O4;F;3;2;2
245;O4;M;1;1;1
246;O4;F;1;2;2
247;O4;M;3;2;3
248;O4;F;3;1;3
249;O4;M;2;3;3
250;O4;M;2;2;3
251;O4;M;1;3;1
252;O4;M;3;3;3
253;O4;M;1;2;2
254;O4;F;3;1;2
255;O4;M;1;3;3
256;O4;F;1;3;3
257;O4;M;3;3;1
258;O4;F;2;1;2
259;O4;M;3;1;1
260;O4;F;2;3;2
261;O4;F;2;3;3
262;O4;M;2;3;2
263;O4;F;2;3;3
264;O4;F;3;3;3
265;O4;M;3;1;2
266;O4;M;3;1;1
267;O4;F;1;3;2
268;O4;M;2;1;3
269;O4;F;2;2;1
270;O4;M;2;3;3
271;O4;M;1;1;1
272;O4;M;3;3;3
273;O4;M;2;3;2
274;O4;F;3;3;1
275;O4;F;3;3;1
276;O4;F;2;2;3
277;O4;F;2;1;2
278;O4;F;1;1;3
279;O4;F;3;3;3
280;O4;M;2;1;3
281;O4;F;1;3;3
282;O4;M;1;2;1
283;O4;M;3;1;1
284;O4;F;1;3;1
285;O4;F;3;1;3
286;O4;F;3;1;1
287;O4;F;2;2;3
288;O4;M;1;1;1

[PREFERENCIAS]
# En esta familia P=4, por lo que cada estudiante tiene 4 preferencias
estudiante;preferencia_1;preferencia_2;preferencia_3;preferencia_4
1;81;88;213;272
2;245;13;123;232
3;225;135;68;78
4;49;244;200;278
5;89;148;44;67
6;205;4;66;230
7;224;195;276;150
8;125;134;120;127
9;260;228;187;51
10;23;147;55;272
11;99;74;33;6
12;128;100;60;268
13;207;282;216;192
14;111;183;26;215
15;96;69;237;33
16;139;117;174;248
17;154;225;149;240
18;54;218;171;235
19;120;262;264;109
20;273;24;245;75
21;60;70;188;217
22;232;266;208;91
23;273;64;159;182
24;210;66;212;18
25;267;242;46;254
26;246;284;155;283
27;89;128;131;151
28;35;113;42;69
29;208;231;149;148
30;36;5;99;252
31;68;196;209;93
32;165;237;144;187
33;211;28;110;258
34;200;132;38;266
35;137;266;140;66
36;177;116;253;131
37;40;96;185;256
38;16;2;99;115
39;121;45;21;101
40;178;55;208;46
41;126;231;24;61
42;242;269;184;204
43;216;209;194;152
44;67;92;38;154
45;210;31;193;14
46;277;234;226;281
47;29;158;174;117
48;176;94;286;115
49;250;147;182;260
50;198;183;195;27
51;27;22;41;174
52;266;64;83;67
53;199;94;162;100
54;261;243;157;263
55;267;12;234;255
56;224;42;5;268
57;250;11;170;199
58;92;2;60;33
59;53;213;55;96
60;49;134;258;279
61;22;156;19;253
62;263;214;258;19
63;225;73;213;90
64;20;153;131;135
65;282;206;248;150
66;146;230;121;151
67;135;258;105;35
68;265;137;97;172
69;56;174;141;27
70;147;14;171;148
71;225;130;93;159
72;282;283;56;21
73;42;3;179;102
74;214;124;254;188
75;72;92;94;251
76;57;133;142;258
77;76;285;218;251
78;32;245;180;128
79;127;150;11;27
80;163;25;2;261
81;216;230;118;267
82;276;46;8;235
83;61;148;190;200
84;110;108;246;229
85;246;116;131;48
86;259;3;269;240
87;279;261;2;246
88;276;29;141;283
89;42;280;144;21
90;218;15;137;12
91;228;57;106;175
92;12;153;286;122
93;276;131;222;64
94;139;180;265;129
95;56;186;57;174
96;62;147;262;278
97;10;251;135;131
98;212;156;119;14
99;53;182;28;64
100;70;249;25;137
101;165;209;129;54
102;260;147;75;244
103;93;181;83;145
104;129;162;180;282
105;237;272;260;102
106;2;67;203;49
107;148;213;246;287
108;65;265;93;220
109;49;6;229;15
110;188;73;7;44
111;167;260;223;253
112;62;125;89;258
113;263;215;34;222
114;134;230;236;78
115;48;211;38;199
116;152;177;225;119
117;129;96;62;278
118;93;123;233;26
119;142;275;214;202
120;102;72;55;25
121;44;7;27;15
122;220;45;236;262
123;204;256;76;41
124;150;84;96;23
125;161;134;16;142
126;102;5;21;215
127;84;138;120;209
128;24;223;87;202
129;139;217;105;144
130;71;3;70;62
131;206;144;58;13
132;257;128;235;282
133;244;183;222;1
134;125;119;166;122
135;284;13;12;31
136;263;129;67;199
137;104;121;60;34
138;243;126;246;275
139;187;108;243;110
140;120;77;79;272
141;259;171;170;79
142;283;228;171;48
143;287;179;63;78
144;105;132;96;77
145;232;107;25;19
146;280;100;74;219
147;121;183;89;152
148;1;81;272;85
149;231;254;93;76
150;28;195;174;52
151;229;187;29;197
152;120;275;33;183
153;28;11;217;102
154;244;282;160;136
155;109;51;101;184
156;190;60;62;159
157;266;14;44;159
158;16;12;107;35
159;137;146;189;217
160;171;81;163;279
161;241;33;26;78
162;250;29;72;134
163;18;48;25;22
164;132;4;5;243
165;41;279;159;267
166;162;218;276;279
167;66;31;200;182
168;5;188;115;119
169;11;219;122;63
170;232;66;109;72
171;241;239;94;103
172;249;112;207;173
173;142;281;7;245
174;12;31;173;253
175;57;23;150;128
176;74;218;22;153
177;120;84;236;128
178;52;158;252;268
179;64;75;257;45
180;12;218;255;83
181;43;231;113;230
182;157;217;266;43
183;187;83;221;272
184;66;93;217;247
185;85;174;163;229
186;49;85;270;142
187;52;193;121;194
188;12;79;19;215
189;21;88;157;27
190;248;38;47;271
191;33;119;146;251
192;24;182;12;13
193;237;264;160;224
194;168;176;130;246
195;187;7;179;73
196;208;151;31;60
197;153;230;244;61
198;186;190;175;57
199;75;285;162;101
200;184;83;133;265
201;2;101;240;200
202;277;115;19;180
203;149;104;288;269
204;29;187;168;143
205;229;210;227;219
206;124;73;201;91
207;243;199;189;69
208;34;195;53;169
209;2;96;150;76
210;214;199;52;189
211;169;223;95;200
212;16;233;86;81
213;252;20;253;269
214;103;36;102;6
215;60;140;261;176
216;266;257;157;241
217;191;49;271;123
218;18;77;110;92
219;203;175;288;142
220;248;271;285;234
221;119;18;200;222
222;70;15;174;191
223;179;254;121;147
224;3;191;259;123
225;212;77;156;196
226;193;149;269;68
227;155;151;246;182
228;140;270;187;16
229;41;25;28;68
230;217;41;47;39
231;93;268;108;222
232;62;137;37;274
233;77;65;14;139
234;163;165;229;168
235;262;280;220;31
236;213;68;280;240
237;277;282;42;17
238;112;175;23;164
239;43;273;5;25
240;273;180;268;3
241;58;102;248;9
242;250;232;245;198
243;275;169;27;285
244;216;157;97;195
245;53;152;274;135
246;247;155;201;101
247;140;127;162;211
248;219;279;101;264
249;258;128;257;214
250;79;221;201;69
251;263;118;55;210
252;181;216;139;114
253;113;194;12;4
254;282;7;20;130
255;218;240;149;112
256;205;149;250;210
257;101;164;160;58
258;272;168;26;145
259;109;176;108;62
260;232;11;244;136
261;118;38;110;101
262;72;29;113;208
263;191;46;128;131
264;140;256;161;133
265;232;90;199;16
266;199;207;13;35
267;100;169;36;92
268;209;109;262;222
269;276;17;66;84
270;134;191;32;6
271;60;245;172;63
272;42;54;63;286
273;236;116;71;223
274;41;276;249;98
275;101;52;207;147
276;275;260;165;39
277;29;224;24;273
278;140;76;17;246
279;235;255;85;104
280;176;266;75;33
281;237;192;122;239
282;5;110;286;75
283;204;257;67;95
284;259;220;165;61
285;146;199;66;61
286;139;121;257;169
287;54;281;231;125
288;121;4;195;14

[SEPARACIONES]
estudiante_i;estudiante_j
1;99
3;267
5;101
6;25
10;126
11;244
16;18
17;143
17;164
25;42
26;160
27;31
27;258
29;65
29;127
31;50
33;283
34;181
35;54
39;50
45;161
46;129
47;254
49;74
54;269
58;106
60;108
61;203
63;126
65;130
65;286
66;160
69;268
71;270
76;95
76;259
76;288
82;99
83;126
89;195
89;271
91;195
96;160
96;260
97;120
102;276
108;216
110;285
112;153
118;227
122;167
122;265
126;200
129;243
130;232
132;266
132;288
134;255
136;175
138;172
141;260
144;200
154;171
160;244
162;216
200;278
201;253
202;277
240;284
261;272
266;267
276;277

[NOTAS]
generacion=aleatoria_controlada
preferencias_por_estudiante=P_fijo
genero=balanceado_dentro_de_cada_curso_de_origen
criterios_perfil=sorteados_de_forma_independiente
separaciones=aprox_N_div_4
estado=instancia_de_experimento
pesos_funcion_objetivo=no_incluidos_en_la_instancia
factibilidad=se_uso_una_asignacion_testigo_solo_para_generar_la_instancia
