# ------------------------------------------------------------
# Instancia sintetica para pruebas del modelo exacto
# L = 18 estudiantes por curso
# P = 3 preferencias por estudiante
# C = 6 cursos nuevos
# Total = 108 estudiantes
# ------------------------------------------------------------

# INSTANCIA DE REASIGNACION DE ESTUDIANTES
# Este archivo contiene los datos de entrada de la instancia. La solucion se guarda aparte.

[INSTANCIA]
nombre=c_n_18_l_3_s_6_i_0
semilla=30681
N=108
C=6
L=18
P=3

[CURSOS_NUEVOS]
curso;capacidad
1;18
2;18
3;18
4;18
5;18
6;18

[BALANCE_GENERO]
grupos=F,M
diferencia_maxima=1

[CURSOS_ORIGEN]
cursos_origen=O1,O2,O3,O4,O5,O6
minimo_O1=2
minimo_O2=2
minimo_O3=2
minimo_O4=2
minimo_O5=2
minimo_O6=2

[CRITERIOS_BALANCE]
criterios=academico,socioemocional,convivencia
niveles=1,2,3

[ESTUDIANTES]
estudiante;curso_origen;genero;academico;socioemocional;convivencia
1;O1;F;3;1;3
2;O1;F;3;1;1
3;O1;F;1;2;1
4;O1;M;3;1;1
5;O1;F;1;1;3
6;O1;F;1;2;3
7;O1;M;1;1;2
8;O1;M;3;2;3
9;O1;F;1;1;1
10;O1;M;3;3;2
11;O1;F;3;2;1
12;O1;M;1;2;3
13;O1;F;3;3;2
14;O1;M;2;2;2
15;O1;M;3;2;3
16;O1;M;1;2;1
17;O1;F;1;3;2
18;O1;M;2;1;3
19;O2;F;1;1;3
20;O2;F;1;2;2
21;O2;M;3;1;2
22;O2;F;1;3;1
23;O2;F;2;3;2
24;O2;F;1;1;2
25;O2;M;3;2;3
26;O2;M;1;1;3
27;O2;F;3;3;2
28;O2;M;3;2;3
29;O2;M;3;3;3
30;O2;F;3;3;2
31;O2;M;2;1;2
32;O2;F;1;2;3
33;O2;M;3;3;1
34;O2;M;2;1;1
35;O2;F;2;3;3
36;O2;M;1;2;3
37;O3;M;2;1;2
38;O3;F;1;2;2
39;O3;M;1;1;1
40;O3;M;2;2;3
41;O3;M;2;1;1
42;O3;F;1;2;2
43;O3;F;1;1;3
44;O3;F;2;3;2
45;O3;F;3;2;2
46;O3;M;3;2;2
47;O3;M;1;1;1
48;O3;F;1;3;2
49;O3;F;1;3;2
50;O3;F;2;1;3
51;O3;M;1;2;3
52;O3;M;1;3;3
53;O3;M;3;3;3
54;O3;F;1;2;2
55;O4;F;3;3;3
56;O4;F;2;2;2
57;O4;M;2;2;1
58;O4;M;1;3;1
59;O4;M;2;2;1
60;O4;M;3;3;2
61;O4;F;2;2;2
62;O4;M;3;2;2
63;O4;F;1;1;3
64;O4;M;3;3;1
65;O4;M;2;2;1
66;O4;F;2;2;3
67;O4;F;1;2;2
68;O4;F;3;2;1
69;O4;F;2;2;2
70;O4;M;3;1;2
71;O4;M;2;1;2
72;O4;F;1;1;2
73;O5;M;3;2;3
74;O5;F;2;2;1
75;O5;M;1;2;2
76;O5;M;3;3;3
77;O5;M;2;3;3
78;O5;F;1;3;2
79;O5;F;1;2;3
80;O5;M;2;2;1
81;O5;F;1;1;2
82;O5;M;3;3;2
83;O5;M;3;3;2
84;O5;M;3;3;2
85;O5;F;3;3;1
86;O5;F;3;1;3
87;O5;F;3;1;2
88;O5;M;1;1;2
89;O5;F;1;1;3
90;O5;F;2;3;2
91;O6;F;2;1;1
92;O6;F;1;1;1
93;O6;F;1;1;1
94;O6;M;2;1;2
95;O6;M;3;2;1
96;O6;M;2;1;2
97;O6;F;1;3;1
98;O6;F;2;1;3
99;O6;F;2;3;2
100;O6;F;2;3;2
101;O6;M;3;2;1
102;O6;M;2;2;3
103;O6;M;2;1;2
104;O6;M;1;2;1
105;O6;F;3;3;1
106;O6;F;2;2;1
107;O6;M;3;3;1
108;O6;M;1;3;3

[PREFERENCIAS]
# En esta familia P=3, por lo que cada estudiante tiene 3 preferencias
estudiante;preferencia_1;preferencia_2;preferencia_3
1;35;77;49
2;43;20;70
3;15;48;5
4;93;88;6
5;24;80;25
6;41;39;10
7;29;22;31
8;93;94;45
9;34;68;33
10;91;104;36
11;39;47;33
12;67;5;104
13;102;28;84
14;74;83;98
15;98;4;22
16;88;84;6
17;67;94;79
18;41;13;59
19;36;39;51
20;3;54;71
21;5;87;66
22;103;1;9
23;73;81;38
24;17;45;31
25;83;101;64
26;82;96;46
27;10;20;57
28;57;3;106
29;39;10;33
30;77;71;63
31;60;6;35
32;65;81;14
33;48;50;60
34;89;96;32
35;62;3;56
36;45;38;33
37;102;55;69
38;7;90;37
39;102;28;20
40;86;75;78
41;104;102;17
42;30;83;105
43;51;81;26
44;19;2;62
45;56;12;64
46;15;66;43
47;63;20;106
48;97;82;85
49;80;105;60
50;41;52;11
51;90;75;54
52;99;82;17
53;24;103;61
54;37;107;13
55;45;27;54
56;27;32;22
57;82;43;83
58;56;66;44
59;102;9;45
60;48;25;40
61;47;25;100
62;50;69;97
63;54;25;78
64;68;60;17
65;39;80;28
66;63;16;51
67;75;35;2
68;36;89;85
69;17;60;66
70;86;23;4
71;28;79;85
72;43;78;74
73;80;35;105
74;59;13;42
75;14;24;80
76;46;7;43
77;5;104;84
78;105;6;71
79;87;4;3
80;107;57;18
81;23;12;97
82;100;95;91
83;45;38;106
84;10;86;47
85;69;89;21
86;3;76;10
87;56;67;1
88;22;53;1
89;16;70;49
90;36;9;106
91;40;88;98
92;54;91;4
93;63;26;68
94;51;25;83
95;102;53;77
96;54;64;80
97;40;31;94
98;69;11;42
99;41;19;63
100;74;91;34
101;99;89;85
102;13;69;8
103;48;95;46
104;105;40;59
105;72;18;79
106;108;90;48
107;29;24;91
108;23;18;19

[SEPARACIONES]
estudiante_i;estudiante_j
1;85
1;103
8;24
9;61
10;15
10;55
10;95
12;106
13;71
16;105
17;45
21;89
28;65
29;68
34;100
38;102
42;76
46;96
49;68
51;98
51;105
54;75
60;97
68;70
68;89
74;102
74;107

[NOTAS]
generacion=aleatoria_controlada
preferencias_por_estudiante=P_fijo
genero=balanceado_dentro_de_cada_curso_de_origen
criterios_perfil=sorteados_de_forma_independiente
separaciones=aprox_N_div_4
estado=instancia_de_experimento
pesos_funcion_objetivo=no_incluidos_en_la_instancia
factibilidad=se_uso_una_asignacion_testigo_solo_para_generar_la_instancia
