# ------------------------------------------------------------
# Instancia sintetica para pruebas del modelo exacto
# L = 36 estudiantes por curso
# P = 7 preferencias por estudiante
# C = 2 cursos nuevos
# Total = 72 estudiantes
# ------------------------------------------------------------

# INSTANCIA DE REASIGNACION DE ESTUDIANTES
# Este archivo contiene los datos de entrada de la instancia. La solucion se guarda aparte.

[INSTANCIA]
nombre=c_n_36_l_7_s_2_i_4
semilla=70387
N=72
C=2
L=36
P=7

[CURSOS_NUEVOS]
curso;capacidad
1;36
2;36

[BALANCE_GENERO]
grupos=F,M
diferencia_maxima=1

[CURSOS_ORIGEN]
cursos_origen=O1,O2
minimo_O1=17
minimo_O2=17

[CRITERIOS_BALANCE]
criterios=academico,socioemocional,convivencia
niveles=1,2,3

[ESTUDIANTES]
estudiante;curso_origen;genero;academico;socioemocional;convivencia
1;O1;M;1;1;1
2;O1;F;1;3;1
3;O1;F;1;3;1
4;O1;M;2;3;3
5;O1;F;3;3;3
6;O1;M;3;3;1
7;O1;F;3;3;1
8;O1;F;3;2;1
9;O1;M;1;1;3
10;O1;F;2;2;2
11;O1;M;3;3;2
12;O1;M;1;2;3
13;O1;M;1;3;2
14;O1;F;1;2;2
15;O1;F;2;2;3
16;O1;F;3;1;1
17;O1;F;3;3;1
18;O1;F;3;2;1
19;O1;M;3;1;3
20;O1;M;1;1;1
21;O1;M;1;2;3
22;O1;F;2;3;1
23;O1;M;2;3;2
24;O1;F;2;3;1
25;O1;M;3;1;1
26;O1;F;1;3;1
27;O1;M;2;1;1
28;O1;M;3;2;1
29;O1;M;2;1;2
30;O1;F;2;1;2
31;O1;F;3;3;1
32;O1;M;3;2;3
33;O1;M;3;3;3
34;O1;F;3;1;3
35;O1;M;1;1;1
36;O1;F;1;1;1
37;O2;F;3;3;3
38;O2;F;3;1;1
39;O2;F;1;3;3
40;O2;M;3;3;1
41;O2;F;3;2;1
42;O2;F;3;3;2
43;O2;F;1;1;2
44;O2;M;1;2;3
45;O2;M;2;3;1
46;O2;M;2;1;2
47;O2;M;2;1;2
48;O2;F;2;2;3
49;O2;M;1;2;1
50;O2;M;1;2;1
51;O2;F;2;1;2
52;O2;F;3;1;2
53;O2;M;2;1;1
54;O2;M;2;2;3
55;O2;M;1;2;1
56;O2;F;2;3;3
57;O2;M;1;3;2
58;O2;F;3;3;2
59;O2;M;2;2;2
60;O2;M;2;2;3
61;O2;M;3;2;2
62;O2;F;3;3;1
63;O2;F;1;2;1
64;O2;M;3;1;1
65;O2;M;3;3;1
66;O2;F;1;3;1
67;O2;F;1;1;2
68;O2;M;3;2;2
69;O2;F;2;2;2
70;O2;F;3;3;1
71;O2;F;3;3;3
72;O2;M;3;2;1

[PREFERENCIAS]
# En esta familia P=7, por lo que cada estudiante tiene 7 preferencias
estudiante;preferencia_1;preferencia_2;preferencia_3;preferencia_4;preferencia_5;preferencia_6;preferencia_7
1;69;43;13;66;56;72;9
2;69;16;24;47;71;51;3
3;7;16;29;17;50;49;12
4;26;8;72;22;60;25;49
5;8;63;14;6;60;24;35
6;12;53;47;59;58;66;2
7;55;11;16;52;14;67;62
8;58;50;15;40;26;27;14
9;25;39;10;33;55;53;51
10;66;59;1;20;22;69;45
11;35;38;36;65;61;22;32
12;41;13;47;62;72;20;60
13;18;25;49;55;66;52;4
14;53;69;47;41;8;62;37
15;29;10;54;61;72;71;67
16;71;43;57;50;42;9;4
17;8;50;64;42;58;62;25
18;2;12;9;16;67;42;55
19;9;7;54;68;29;12;41
20;28;35;63;17;10;60;71
21;55;68;56;32;22;1;39
22;9;25;45;7;43;57;68
23;47;28;31;54;5;56;25
24;40;57;16;11;66;4;46
25;19;50;57;35;53;16;30
26;24;71;4;20;43;21;50
27;28;30;66;64;65;72;45
28;2;38;35;12;70;39;48
29;58;15;36;63;27;55;9
30;51;4;34;39;65;56;64
31;52;71;27;61;64;17;24
32;15;17;48;58;1;57;8
33;34;65;18;38;36;4;9
34;30;41;66;16;33;67;62
35;44;11;69;72;60;7;50
36;8;39;58;17;33;50;19
37;18;10;11;5;30;24;70
38;2;25;34;54;26;43;22
39;17;66;32;4;33;7;60
40;65;50;24;22;67;28;59
41;65;63;59;19;24;1;45
42;26;23;16;50;46;3;61
43;22;8;19;52;45;2;55
44;46;27;21;59;35;56;26
45;16;53;64;59;4;29;68
46;56;42;2;37;22;69;39
47;50;29;21;48;13;9;44
48;20;33;28;65;66;7;40
49;14;28;41;3;32;44;4
50;52;19;54;29;65;4;71
51;17;66;57;20;72;38;26
52;64;60;29;14;72;54;22
53;28;5;14;25;66;62;57
54;32;43;19;18;34;47;14
55;14;69;54;18;67;32;46
56;26;16;34;6;65;31;11
57;66;20;2;10;15;41;4
58;13;59;49;38;23;68;11
59;54;7;6;39;64;35;19
60;21;63;25;33;62;56;5
61;59;39;72;69;43;27;33
62;41;7;32;29;71;25;69
63;29;23;66;33;5;48;59
64;56;66;68;63;55;59;19
65;16;10;61;22;12;41;30
66;19;70;46;51;13;18;12
67;3;21;48;2;60;24;68
68;54;23;51;58;5;32;64
69;9;13;36;41;46;64;67
70;11;37;13;53;54;22;57
71;54;33;27;13;52;39;44
72;55;38;28;41;20;34;14

[SEPARACIONES]
estudiante_i;estudiante_j
2;43
5;44
9;70
11;31
14;15
16;72
21;57
22;34
28;58
30;41
34;51
35;39
36;48
45;49
51;54
60;62
63;72
67;69

[NOTAS]
generacion=aleatoria_controlada
preferencias_por_estudiante=P_fijo
genero=balanceado_dentro_de_cada_curso_de_origen
criterios_perfil=sorteados_de_forma_independiente
separaciones=aprox_N_div_4
estado=instancia_de_experimento
pesos_funcion_objetivo=no_incluidos_en_la_instancia
factibilidad=se_uso_una_asignacion_testigo_solo_para_generar_la_instancia
