# ------------------------------------------------------------
# Instancia sintetica para pruebas del modelo exacto
# L = 36 estudiantes por curso
# P = 5 preferencias por estudiante
# C = 4 cursos nuevos
# Total = 144 estudiantes
# ------------------------------------------------------------

# INSTANCIA DE REASIGNACION DE ESTUDIANTES
# Este archivo contiene los datos de entrada de la instancia. La solucion se guarda aparte.

[INSTANCIA]
nombre=c_n_36_l_5_s_4_i_7
semilla=50596
N=144
C=4
L=36
P=5

[CURSOS_NUEVOS]
curso;capacidad
1;36
2;36
3;36
4;36

[BALANCE_GENERO]
grupos=F,M
diferencia_maxima=1

[CURSOS_ORIGEN]
cursos_origen=O1,O2,O3,O4
minimo_O1=8
minimo_O2=8
minimo_O3=8
minimo_O4=8

[CRITERIOS_BALANCE]
criterios=academico,socioemocional,convivencia
niveles=1,2,3

[ESTUDIANTES]
estudiante;curso_origen;genero;academico;socioemocional;convivencia
1;O1;M;3;2;3
2;O1;M;3;1;2
3;O1;M;2;3;1
4;O1;M;2;2;2
5;O1;M;2;2;3
6;O1;F;1;3;2
7;O1;F;1;2;3
8;O1;M;1;2;3
9;O1;F;1;3;3
10;O1;M;2;2;2
11;O1;M;1;2;2
12;O1;F;1;3;2
13;O1;F;2;1;2
14;O1;F;2;1;3
15;O1;F;1;2;1
16;O1;F;1;2;3
17;O1;M;3;3;2
18;O1;F;1;1;2
19;O1;M;3;2;2
20;O1;F;1;1;2
21;O1;M;2;3;3
22;O1;M;3;3;3
23;O1;F;2;3;1
24;O1;M;1;1;2
25;O1;M;1;3;2
26;O1;M;2;2;1
27;O1;F;3;1;1
28;O1;F;3;3;1
29;O1;F;3;3;1
30;O1;F;1;2;1
31;O1;M;1;3;3
32;O1;F;3;3;1
33;O1;M;2;1;1
34;O1;M;2;1;1
35;O1;F;1;3;2
36;O1;F;1;2;3
37;O2;F;2;3;1
38;O2;F;1;1;1
39;O2;F;3;2;1
40;O2;M;3;1;1
41;O2;M;1;2;2
42;O2;F;2;3;3
43;O2;F;2;2;3
44;O2;M;3;2;3
45;O2;M;3;2;1
46;O2;M;2;3;3
47;O2;F;3;1;1
48;O2;F;3;3;1
49;O2;M;3;2;3
50;O2;F;2;1;1
51;O2;F;2;3;3
52;O2;M;3;1;1
53;O2;M;1;1;3
54;O2;M;3;1;1
55;O2;F;3;1;2
56;O2;F;1;1;1
57;O2;F;2;2;2
58;O2;F;1;3;2
59;O2;F;1;2;3
60;O2;F;1;1;2
61;O2;F;1;1;2
62;O2;M;3;3;2
63;O2;M;2;2;2
64;O2;F;1;1;3
65;O2;M;2;1;3
66;O2;M;2;3;2
67;O2;M;2;1;3
68;O2;M;2;1;1
69;O2;F;2;2;1
70;O2;M;2;1;3
71;O2;M;3;3;1
72;O2;M;1;2;1
73;O3;M;1;3;2
74;O3;F;2;1;3
75;O3;F;3;3;2
76;O3;M;2;1;1
77;O3;F;3;3;3
78;O3;M;2;3;2
79;O3;F;3;2;3
80;O3;F;2;2;2
81;O3;F;2;3;3
82;O3;M;3;1;2
83;O3;M;3;1;2
84;O3;M;2;2;3
85;O3;F;1;1;1
86;O3;F;1;1;1
87;O3;F;1;2;1
88;O3;M;3;1;1
89;O3;F;1;1;1
90;O3;F;3;2;2
91;O3;M;3;2;2
92;O3;F;2;2;3
93;O3;M;2;1;2
94;O3;M;1;2;3
95;O3;F;2;1;1
96;O3;M;1;2;3
97;O3;M;1;2;2
98;O3;F;2;3;2
99;O3;F;2;2;3
100;O3;M;1;3;2
101;O3;F;1;3;2
102;O3;M;2;1;3
103;O3;M;3;2;1
104;O3;M;3;2;2
105;O3;F;1;2;3
106;O3;M;1;2;2
107;O3;F;3;3;2
108;O3;M;3;2;1
109;O4;F;2;3;3
110;O4;F;1;1;1
111;O4;F;3;2;2
112;O4;F;3;2;1
113;O4;M;1;3;2
114;O4;F;3;3;2
115;O4;F;3;2;3
116;O4;M;2;1;1
117;O4;M;2;3;1
118;O4;F;3;3;3
119;O4;M;3;1;3
120;O4;F;2;3;2
121;O4;F;3;1;1
122;O4;F;3;2;3
123;O4;M;3;3;3
124;O4;F;1;2;2
125;O4;F;1;2;2
126;O4;F;2;3;2
127;O4;M;3;2;2
128;O4;F;3;1;3
129;O4;M;3;3;1
130;O4;M;2;2;3
131;O4;M;1;1;3
132;O4;M;3;2;3
133;O4;M;2;3;1
134;O4;M;3;3;3
135;O4;F;2;3;3
136;O4;F;1;2;1
137;O4;M;3;2;2
138;O4;M;3;3;3
139;O4;M;3;3;3
140;O4;M;1;3;2
141;O4;M;1;1;1
142;O4;F;1;1;1
143;O4;M;1;2;3
144;O4;F;2;3;2

[PREFERENCIAS]
# En esta familia P=5, por lo que cada estudiante tiene 5 preferencias
estudiante;preferencia_1;preferencia_2;preferencia_3;preferencia_4;preferencia_5
1;109;136;42;135;87
2;112;107;71;60;89
3;10;112;53;5;23
4;11;79;122;24;54
5;142;106;42;30;68
6;25;105;21;121;104
7;95;28;42;96;38
8;72;37;66;29;54
9;86;57;80;45;17
10;34;18;87;31;124
11;30;35;5;114;42
12;43;55;131;86;130
13;93;8;111;104;53
14;75;143;58;63;39
15;23;112;57;138;54
16;46;144;57;28;83
17;95;41;54;117;34
18;122;132;55;127;68
19;79;10;34;104;46
20;40;120;144;21;84
21;54;134;91;38;120
22;129;25;6;11;10
23;83;117;141;137;140
24;17;54;103;56;10
25;108;87;34;82;102
26;107;31;71;16;10
27;63;73;37;96;52
28;108;48;13;128;32
29;43;31;3;66;72
30;62;49;61;48;105
31;52;101;48;104;23
32;109;14;144;45;83
33;43;100;8;94;103
34;83;102;10;90;103
35;29;128;58;45;11
36;41;125;26;16;97
37;75;130;56;19;20
38;15;11;142;2;68
39;19;94;138;140;35
40;47;114;31;128;121
41;113;47;50;130;104
42;52;13;28;11;61
43;109;123;83;76;23
44;87;118;8;61;85
45;132;58;62;3;38
46;35;62;76;17;41
47;111;85;52;71;86
48;36;31;81;14;2
49;74;90;17;56;41
50;74;20;129;130;32
51;91;40;33;70;124
52;97;67;66;25;48
53;128;65;54;55;140
54;6;9;16;89;137
55;41;24;78;19;40
56;91;32;76;136;119
57;101;91;41;138;22
58;113;56;54;10;25
59;15;42;43;141;5
60;71;96;11;138;39
61;7;122;135;124;75
62;73;88;112;11;4
63;45;7;88;24;123
64;3;86;118;24;68
65;55;18;30;38;47
66;113;128;70;34;28
67;84;112;56;11;86
68;7;64;78;43;2
69;129;108;3;9;31
70;87;15;108;73;74
71;114;73;100;66;113
72;53;128;62;93;122
73;3;52;11;48;101
74;23;55;108;84;135
75;55;13;138;118;50
76;124;96;97;106;105
77;97;2;139;99;88
78;52;109;124;8;120
79;61;12;101;16;27
80;25;139;138;28;73
81;55;41;122;46;4
82;133;127;130;15;93
83;9;86;62;122;44
84;101;42;35;69;135
85;5;15;91;67;109
86;24;6;71;126;80
87;16;111;44;93;123
88;115;120;79;38;97
89;63;84;41;60;64
90;117;131;52;36;50
91;24;123;27;56;30
92;109;8;138;76;47
93;111;100;71;77;20
94;39;120;141;105;81
95;85;125;16;84;20
96;75;24;33;105;39
97;107;100;126;134;102
98;60;97;14;20;118
99;38;115;82;74;69
100;75;56;93;44;46
101;96;30;34;50;124
102;7;64;112;99;119
103;71;50;130;93;111
104;50;84;34;139;51
105;67;91;51;55;1
106;125;105;46;29;102
107;123;6;114;49;100
108;45;16;126;103;143
109;137;77;110;12;100
110;137;22;23;14;48
111;71;45;142;25;84
112;58;18;105;122;9
113;137;35;129;7;96
114;99;12;141;40;5
115;89;18;140;110;77
116;89;10;52;67;110
117;45;110;106;71;19
118;72;128;35;40;59
119;19;41;87;34;2
120;16;17;42;70;8
121;8;97;29;140;110
122;42;64;67;34;14
123;34;104;25;10;67
124;95;83;107;121;88
125;108;72;139;134;53
126;121;75;83;68;49
127;8;126;43;10;11
128;20;90;50;138;35
129;56;63;36;76;138
130;9;117;6;48;3
131;22;114;72;42;37
132;68;106;3;138;78
133;136;88;1;3;9
134;37;97;113;41;78
135;58;17;9;29;106
136;67;33;92;115;68
137;61;52;26;128;54
138;52;72;141;80;38
139;18;45;48;141;57
140;9;89;71;22;41
141;102;140;78;79;98
142;132;130;27;105;55
143;133;23;71;44;49
144;65;19;1;46;40

[SEPARACIONES]
estudiante_i;estudiante_j
1;47
3;93
3;95
8;116
9;18
10;29
14;51
15;89
16;122
24;103
25;123
38;93
41;61
47;49
54;110
56;101
57;95
60;102
61;80
67;130
78;141
84;130
85;103
85;123
91;99
94;102
94;140
97;136
99;128
100;107
108;113
111;114
114;135
118;122
124;142
129;137

[NOTAS]
generacion=aleatoria_controlada
preferencias_por_estudiante=P_fijo
genero=balanceado_dentro_de_cada_curso_de_origen
criterios_perfil=sorteados_de_forma_independiente
separaciones=aprox_N_div_4
estado=instancia_de_experimento
pesos_funcion_objetivo=no_incluidos_en_la_instancia
factibilidad=se_uso_una_asignacion_testigo_solo_para_generar_la_instancia
