# ------------------------------------------------------------
# Instancia sintetica para pruebas del modelo exacto
# L = 18 estudiantes por curso
# P = 7 preferencias por estudiante
# C = 4 cursos nuevos
# Total = 72 estudiantes
# ------------------------------------------------------------

# INSTANCIA DE REASIGNACION DE ESTUDIANTES
# Este archivo contiene los datos de entrada de la instancia. La solucion se guarda aparte.

[INSTANCIA]
nombre=c_n_18_l_7_s_4_i_2
semilla=70521
N=72
C=4
L=18
P=7

[CURSOS_NUEVOS]
curso;capacidad
1;18
2;18
3;18
4;18

[BALANCE_GENERO]
grupos=F,M
diferencia_maxima=1

[CURSOS_ORIGEN]
cursos_origen=O1,O2,O3,O4
minimo_O1=3
minimo_O2=3
minimo_O3=3
minimo_O4=3

[CRITERIOS_BALANCE]
criterios=academico,socioemocional,convivencia
niveles=1,2,3

[ESTUDIANTES]
estudiante;curso_origen;genero;academico;socioemocional;convivencia
1;O1;F;3;2;1
2;O1;F;1;1;1
3;O1;F;3;3;1
4;O1;M;3;3;3
5;O1;F;2;1;2
6;O1;F;2;1;2
7;O1;M;3;2;3
8;O1;M;2;2;1
9;O1;M;2;1;3
10;O1;M;3;1;1
11;O1;M;1;1;1
12;O1;F;1;3;1
13;O1;F;2;2;1
14;O1;M;1;1;2
15;O1;F;1;2;1
16;O1;M;3;2;2
17;O1;F;1;3;2
18;O1;M;2;2;2
19;O2;F;3;1;2
20;O2;M;1;1;3
21;O2;M;3;2;2
22;O2;M;1;1;1
23;O2;F;3;3;2
24;O2;F;1;1;2
25;O2;M;3;1;2
26;O2;M;1;3;2
27;O2;F;1;2;2
28;O2;M;3;2;1
29;O2;F;3;1;2
30;O2;F;3;3;3
31;O2;M;2;3;2
32;O2;F;1;3;1
33;O2;M;3;2;1
34;O2;F;2;1;2
35;O2;F;1;2;2
36;O2;M;3;1;2
37;O3;F;2;2;2
38;O3;M;3;2;1
39;O3;F;2;3;1
40;O3;M;3;1;3
41;O3;F;1;3;2
42;O3;F;1;3;2
43;O3;F;2;1;3
44;O3;M;1;2;3
45;O3;M;2;3;3
46;O3;M;3;3;2
47;O3;M;1;2;3
48;O3;F;2;3;1
49;O3;M;3;1;3
50;O3;F;2;3;3
51;O3;F;3;3;2
52;O3;M;3;1;1
53;O3;M;3;2;2
54;O3;F;3;3;2
55;O4;F;2;1;2
56;O4;F;3;2;2
57;O4;M;1;2;3
58;O4;M;3;2;1
59;O4;M;3;2;2
60;O4;M;2;1;3
61;O4;F;2;2;3
62;O4;F;3;3;2
63;O4;F;3;2;2
64;O4;F;1;1;2
65;O4;F;3;2;2
66;O4;F;1;2;2
67;O4;M;1;2;2
68;O4;F;1;3;1
69;O4;M;3;3;2
70;O4;M;1;2;3
71;O4;M;2;2;3
72;O4;M;3;1;3

[PREFERENCIAS]
# En esta familia P=7, por lo que cada estudiante tiene 7 preferencias
estudiante;preferencia_1;preferencia_2;preferencia_3;preferencia_4;preferencia_5;preferencia_6;preferencia_7
1;72;24;30;46;60;28;31
2;58;4;20;72;63;67;35
3;30;50;11;2;64;58;60
4;20;18;41;22;10;28;65
5;3;40;38;20;1;43;19
6;60;53;55;61;12;27;52
7;8;1;2;53;34;58;49
8;65;72;12;64;22;45;41
9;70;68;40;55;13;61;36
10;27;25;57;30;47;22;61
11;63;30;51;29;8;55;2
12;67;40;9;17;57;63;45
13;67;26;30;5;64;38;65
14;70;25;28;47;58;10;21
15;12;48;5;35;55;25;72
16;49;62;51;57;45;24;13
17;7;43;51;50;12;27;8
18;66;28;31;21;2;46;59
19;9;63;35;72;10;56;1
20;13;40;60;52;4;45;48
21;37;28;34;11;56;15;40
22;62;14;43;67;71;53;1
23;37;17;38;72;44;1;50
24;37;46;68;34;56;47;48
25;36;27;18;38;6;41;39
26;1;15;5;17;54;8;7
27;56;36;31;65;42;25;3
28;34;64;59;5;23;7;63
29;23;2;26;32;55;11;8
30;1;32;58;2;49;41;61
31;53;56;47;23;62;64;2
32;43;20;22;45;38;69;30
33;72;4;53;36;47;26;56
34;10;31;50;30;51;38;46
35;57;44;8;38;66;15;31
36;30;61;41;33;28;25;17
37;23;2;49;10;8;42;47
38;45;36;57;53;29;70;35
39;56;65;52;15;16;49;22
40;3;54;27;50;67;37;41
41;65;7;57;45;40;54;63
42;27;39;56;25;12;45;1
43;3;34;14;35;10;44;65
44;14;16;52;42;5;49;69
45;32;67;9;50;25;24;31
46;17;16;36;41;2;42;49
47;22;21;45;62;49;3;54
48;40;30;43;46;72;11;15
49;46;12;17;63;13;33;48
50;31;18;70;6;23;55;22
51;50;15;18;19;5;72;45
52;43;16;47;1;12;51;32
53;62;26;46;29;42;15;5
54;70;72;11;27;56;7;17
55;40;69;6;14;49;42;45
56;48;61;10;2;23;68;66
57;72;47;9;68;63;29;41
58;31;60;38;51;23;44;66
59;33;5;35;28;16;37;51
60;6;27;37;59;33;30;5
61;56;33;13;36;2;29;16
62;69;42;40;45;11;70;48
63;37;65;56;8;60;69;34
64;15;16;70;24;68;13;5
65;10;50;4;47;25;51;52
66;69;25;32;49;44;14;46
67;70;22;34;39;53;29;10
68;29;28;60;54;47;36;13
69;35;60;13;25;4;31;66
70;65;55;51;33;49;48;26
71;21;4;48;61;26;43;12
72;63;58;27;66;16;65;71

[SEPARACIONES]
estudiante_i;estudiante_j
4;9
6;39
13;36
13;65
16;50
22;42
22;65
23;69
25;31
26;27
30;43
39;62
41;44
43;67
44;46
45;65
48;59
48;62

[NOTAS]
generacion=aleatoria_controlada
preferencias_por_estudiante=P_fijo
genero=balanceado_dentro_de_cada_curso_de_origen
criterios_perfil=sorteados_de_forma_independiente
separaciones=aprox_N_div_4
estado=instancia_de_experimento
pesos_funcion_objetivo=no_incluidos_en_la_instancia
factibilidad=se_uso_una_asignacion_testigo_solo_para_generar_la_instancia
