# ------------------------------------------------------------
# Instancia sintetica para pruebas del modelo exacto
# L = 18 estudiantes por curso
# P = 7 preferencias por estudiante
# C = 4 cursos nuevos
# Total = 72 estudiantes
# ------------------------------------------------------------

# INSTANCIA DE REASIGNACION DE ESTUDIANTES
# Este archivo contiene los datos de entrada de la instancia. La solucion se guarda aparte.

[INSTANCIA]
nombre=c_n_18_l_7_s_4_i_3
semilla=70528
N=72
C=4
L=18
P=7

[CURSOS_NUEVOS]
curso;capacidad
1;18
2;18
3;18
4;18

[BALANCE_GENERO]
grupos=F,M
diferencia_maxima=1

[CURSOS_ORIGEN]
cursos_origen=O1,O2,O3,O4
minimo_O1=3
minimo_O2=3
minimo_O3=3
minimo_O4=3

[CRITERIOS_BALANCE]
criterios=academico,socioemocional,convivencia
niveles=1,2,3

[ESTUDIANTES]
estudiante;curso_origen;genero;academico;socioemocional;convivencia
1;O1;M;3;3;1
2;O1;F;3;3;2
3;O1;F;2;3;2
4;O1;F;2;2;3
5;O1;M;3;2;3
6;O1;M;3;3;1
7;O1;M;2;2;3
8;O1;F;2;1;2
9;O1;F;2;1;2
10;O1;F;3;1;3
11;O1;F;1;2;3
12;O1;M;3;3;3
13;O1;M;1;1;2
14;O1;M;3;3;3
15;O1;M;1;3;3
16;O1;M;2;1;3
17;O1;F;2;2;2
18;O1;F;1;3;3
19;O2;M;1;3;1
20;O2;F;1;2;2
21;O2;F;2;2;3
22;O2;M;1;1;1
23;O2;M;3;1;3
24;O2;M;2;1;1
25;O2;M;2;2;2
26;O2;F;1;2;3
27;O2;M;3;2;2
28;O2;F;1;2;3
29;O2;F;3;2;1
30;O2;M;3;3;3
31;O2;F;1;2;3
32;O2;F;3;2;3
33;O2;M;2;2;2
34;O2;F;2;2;3
35;O2;F;3;1;3
36;O2;M;1;3;3
37;O3;F;3;2;3
38;O3;F;3;1;1
39;O3;F;2;2;2
40;O3;M;2;3;2
41;O3;F;2;1;2
42;O3;F;2;3;3
43;O3;F;1;3;1
44;O3;F;1;3;3
45;O3;M;3;2;1
46;O3;M;3;1;2
47;O3;M;3;3;1
48;O3;F;3;1;1
49;O3;M;2;3;3
50;O3;M;3;3;1
51;O3;M;3;1;3
52;O3;M;2;3;1
53;O3;F;1;1;3
54;O3;M;1;2;2
55;O4;M;3;2;2
56;O4;M;3;3;3
57;O4;F;1;3;3
58;O4;F;1;2;2
59;O4;M;3;3;1
60;O4;M;3;2;1
61;O4;F;2;3;2
62;O4;M;1;3;3
63;O4;F;2;2;3
64;O4;F;2;1;1
65;O4;M;3;1;2
66;O4;M;3;2;3
67;O4;F;1;2;2
68;O4;F;2;2;2
69;O4;F;3;2;2
70;O4;M;1;2;3
71;O4;M;1;2;2
72;O4;F;1;1;3

[PREFERENCIAS]
# En esta familia P=7, por lo que cada estudiante tiene 7 preferencias
estudiante;preferencia_1;preferencia_2;preferencia_3;preferencia_4;preferencia_5;preferencia_6;preferencia_7
1;8;72;35;68;3;47;25
2;24;3;30;72;68;53;41
3;20;37;10;5;31;32;1
4;48;34;30;43;6;33;49
5;24;39;72;11;19;3;4
6;67;64;24;46;65;53;15
7;36;60;34;42;62;2;45
8;25;20;18;27;47;23;3
9;5;20;32;41;27;58;7
10;17;25;58;53;9;26;46
11;71;41;30;57;59;24;62
12;54;28;20;66;62;59;7
13;14;59;19;66;20;68;28
14;3;47;10;69;34;26;27
15;10;25;72;43;22;13;44
16;28;26;33;2;13;40;69
17;44;32;13;30;66;21;53
18;24;12;59;4;33;15;47
19;4;16;46;13;20;69;44
20;2;24;4;10;59;43;44
21;63;47;14;71;72;59;33
22;1;69;48;25;16;43;57
23;11;30;46;32;68;40;72
24;43;53;26;31;42;71;65
25;14;26;6;54;63;40;32
26;20;70;50;12;46;42;28
27;40;32;33;60;10;37;28
28;71;35;18;23;24;37;30
29;52;25;64;70;71;21;55
30;19;11;55;4;35;24;6
31;62;3;23;61;32;27;14
32;21;19;48;66;16;56;58
33;49;36;37;58;30;24;55
34;19;1;70;20;9;43;18
35;33;65;11;51;32;63;28
36;47;18;66;16;71;48;67
37;31;44;66;52;51;24;53
38;68;9;18;3;72;63;8
39;19;44;34;1;71;14;17
40;49;71;51;19;16;69;57
41;40;33;47;67;35;37;46
42;17;61;43;49;52;28;70
43;23;33;1;40;56;46;6
44;63;57;58;5;27;43;29
45;17;47;7;70;8;52;13
46;57;61;32;38;34;64;56
47;10;69;58;14;23;43;8
48;43;54;37;69;18;45;44
49;10;6;62;23;70;50;68
50;46;65;11;54;27;13;68
51;44;45;33;34;9;59;49
52;19;4;66;6;10;33;67
53;2;6;24;68;65;60;38
54;61;41;25;15;71;8;3
55;21;35;40;18;49;25;3
56;1;26;30;69;62;33;36
57;29;11;65;46;49;31;56
58;34;36;3;63;24;19;20
59;47;41;44;42;25;24;20
60;71;21;63;67;18;38;36
61;22;42;72;18;23;62;40
62;24;42;71;19;50;31;44
63;64;37;40;56;39;52;46
64;28;11;61;58;30;3;18
65;64;53;13;69;51;44;60
66;55;69;2;50;61;60;43
67;44;65;34;12;40;33;20
68;6;50;14;23;7;62;34
69;17;66;32;55;5;53;29
70;27;48;35;4;59;42;57
71;41;17;70;38;61;20;57
72;12;64;71;38;39;22;48

[SEPARACIONES]
estudiante_i;estudiante_j
2;45
2;62
10;27
11;31
13;17
14;15
16;30
22;47
22;66
27;56
29;63
31;54
32;49
34;39
37;39
38;50
52;68
66;71

[NOTAS]
generacion=aleatoria_controlada
preferencias_por_estudiante=P_fijo
genero=balanceado_dentro_de_cada_curso_de_origen
criterios_perfil=sorteados_de_forma_independiente
separaciones=aprox_N_div_4
estado=instancia_de_experimento
pesos_funcion_objetivo=no_incluidos_en_la_instancia
factibilidad=se_uso_una_asignacion_testigo_solo_para_generar_la_instancia
