# ------------------------------------------------------------
# Instancia sintetica para pruebas del modelo exacto
# L = 27 estudiantes por curso
# P = 7 preferencias por estudiante
# C = 3 cursos nuevos
# Total = 81 estudiantes
# ------------------------------------------------------------

# INSTANCIA DE REASIGNACION DE ESTUDIANTES
# Este archivo contiene los datos de entrada de la instancia. La solucion se guarda aparte.

[INSTANCIA]
nombre=c_n_27_l_7_s_3_i_9
semilla=70496
N=81
C=3
L=27
P=7

[CURSOS_NUEVOS]
curso;capacidad
1;27
2;27
3;27

[BALANCE_GENERO]
grupos=F,M
diferencia_maxima=1

[CURSOS_ORIGEN]
cursos_origen=O1,O2,O3
minimo_O1=8
minimo_O2=8
minimo_O3=8

[CRITERIOS_BALANCE]
criterios=academico,socioemocional,convivencia
niveles=1,2,3

[ESTUDIANTES]
estudiante;curso_origen;genero;academico;socioemocional;convivencia
1;O1;F;3;3;3
2;O1;F;3;1;1
3;O1;M;1;1;3
4;O1;F;2;3;2
5;O1;M;2;3;1
6;O1;M;2;3;2
7;O1;M;2;1;3
8;O1;F;2;3;3
9;O1;F;2;3;2
10;O1;F;2;1;3
11;O1;F;2;1;3
12;O1;M;3;3;2
13;O1;F;3;3;2
14;O1;M;3;3;1
15;O1;F;1;1;3
16;O1;M;1;2;3
17;O1;M;2;2;1
18;O1;F;3;1;3
19;O1;M;3;2;1
20;O1;F;2;1;3
21;O1;M;1;2;1
22;O1;F;2;1;3
23;O1;M;1;3;3
24;O1;M;3;2;1
25;O1;F;3;3;2
26;O1;M;3;2;2
27;O1;M;3;1;3
28;O2;M;1;3;3
29;O2;M;3;2;1
30;O2;M;2;2;2
31;O2;M;2;3;2
32;O2;F;2;2;1
33;O2;F;1;1;2
34;O2;F;2;3;1
35;O2;M;3;2;1
36;O2;F;2;3;3
37;O2;F;2;2;1
38;O2;F;2;2;1
39;O2;F;3;2;2
40;O2;F;3;1;3
41;O2;M;1;3;2
42;O2;M;2;2;1
43;O2;M;3;1;3
44;O2;M;1;2;3
45;O2;M;2;1;2
46;O2;F;1;1;2
47;O2;M;2;1;3
48;O2;M;2;2;2
49;O2;F;3;3;1
50;O2;M;3;1;2
51;O2;F;1;2;1
52;O2;F;3;1;3
53;O2;M;1;2;2
54;O2;F;1;2;1
55;O3;M;1;3;2
56;O3;F;3;1;2
57;O3;F;2;3;2
58;O3;F;3;2;2
59;O3;M;2;3;3
60;O3;M;1;2;2
61;O3;F;1;3;2
62;O3;M;3;2;2
63;O3;M;1;2;1
64;O3;F;3;2;2
65;O3;F;2;2;1
66;O3;M;1;1;2
67;O3;M;1;3;3
68;O3;M;2;3;3
69;O3;M;3;2;3
70;O3;M;1;3;2
71;O3;M;3;3;2
72;O3;F;2;2;3
73;O3;M;1;2;3
74;O3;F;3;2;3
75;O3;F;3;1;3
76;O3;F;3;2;3
77;O3;M;3;1;2
78;O3;M;1;1;1
79;O3;F;3;2;2
80;O3;F;2;3;3
81;O3;F;2;1;1

[PREFERENCIAS]
# En esta familia P=7, por lo que cada estudiante tiene 7 preferencias
estudiante;preferencia_1;preferencia_2;preferencia_3;preferencia_4;preferencia_5;preferencia_6;preferencia_7
1;81;41;54;33;34;67;73
2;76;6;78;51;47;36;20
3;58;24;9;5;78;48;50
4;59;33;26;2;75;21;45
5;4;54;80;81;72;26;6
6;61;18;74;47;65;25;32
7;75;22;81;80;68;66;42
8;51;5;14;3;26;13;58
9;52;10;11;55;41;79;7
10;54;7;42;75;77;49;30
11;50;73;7;62;63;9;76
12;59;17;64;52;69;1;46
13;27;15;20;66;40;65;30
14;36;16;71;29;8;25;55
15;2;56;37;68;44;48;46
16;39;3;51;78;18;47;42
17;61;65;64;49;8;19;10
18;13;75;79;23;9;77;33
19;53;68;1;17;81;59;70
20;71;33;54;77;39;52;46
21;39;46;60;17;38;64;55
22;60;79;45;1;12;38;43
23;80;20;40;18;9;61;36
24;45;25;2;67;23;68;42
25;1;51;53;35;81;13;70
26;19;15;33;27;74;40;29
27;49;80;79;77;45;15;28
28;55;65;24;38;77;41;20
29;72;34;26;59;64;41;39
30;81;74;5;71;3;53;40
31;74;79;59;3;78;75;20
32;78;75;4;71;22;12;70
33;14;10;41;17;19;64;5
34;55;49;1;29;46;45;70
35;37;17;25;53;73;78;71
36;8;63;56;24;39;33;44
37;68;52;22;23;33;38;51
38;80;17;36;49;45;22;81
39;70;78;45;25;18;60;8
40;80;18;21;43;71;27;6
41;3;55;36;52;22;79;35
42;80;77;28;81;23;61;54
43;51;48;33;50;52;19;7
44;48;13;71;14;54;31;29
45;52;34;26;44;35;22;31
46;6;66;20;53;17;45;62
47;59;52;60;72;76;43;15
48;54;67;14;21;66;9;56
49;71;8;57;56;10;42;37
50;63;54;62;49;58;18;40
51;60;56;58;59;63;74;23
52;27;46;66;20;9;6;17
53;8;42;62;16;29;81;80
54;6;2;37;79;13;39;56
55;64;67;1;44;76;71;33
56;70;78;39;60;6;48;20
57;2;9;31;42;6;58;4
58;45;27;46;16;79;60;3
59;78;17;69;24;35;20;68
60;51;47;71;44;56;25;70
61;15;4;59;48;35;42;68
62;55;3;9;14;6;20;71
63;48;26;39;74;23;55;81
64;10;41;32;35;42;34;55
65;42;75;61;44;46;62;67
66;16;77;54;42;51;79;60
67;27;42;78;61;60;19;25
68;7;56;17;78;76;45;27
69;18;58;64;47;35;23;9
70;26;63;4;13;79;7;65
71;21;39;33;17;72;26;22
72;20;18;29;46;65;12;76
73;12;35;53;10;19;54;68
74;19;68;62;56;47;9;34
75;43;34;53;48;68;5;45
76;59;28;5;77;60;2;52
77;67;29;51;45;9;1;46
78;75;28;24;11;58;16;43
79;80;23;9;43;56;19;62
80;24;30;41;74;57;17;81
81;60;22;45;10;27;79;25

[SEPARACIONES]
estudiante_i;estudiante_j
1;45
2;64
3;78
5;38
8;35
13;14
15;39
15;77
17;40
23;71
26;31
33;73
35;79
42;78
44;71
58;69
59;76
60;68
65;73
79;80

[NOTAS]
generacion=aleatoria_controlada
preferencias_por_estudiante=P_fijo
genero=balanceado_dentro_de_cada_curso_de_origen
criterios_perfil=sorteados_de_forma_independiente
separaciones=aprox_N_div_4
estado=instancia_de_experimento
pesos_funcion_objetivo=no_incluidos_en_la_instancia
factibilidad=se_uso_una_asignacion_testigo_solo_para_generar_la_instancia
