# ------------------------------------------------------------
# Instancia sintetica para pruebas del modelo exacto
# L = 18 estudiantes por curso
# P = 7 preferencias por estudiante
# C = 5 cursos nuevos
# Total = 90 estudiantes
# ------------------------------------------------------------

# INSTANCIA DE REASIGNACION DE ESTUDIANTES
# Este archivo contiene los datos de entrada de la instancia. La solucion se guarda aparte.

[INSTANCIA]
nombre=c_n_18_l_7_s_5_i_5
semilla=70643
N=90
C=5
L=18
P=7

[CURSOS_NUEVOS]
curso;capacidad
1;18
2;18
3;18
4;18
5;18

[BALANCE_GENERO]
grupos=F,M
diferencia_maxima=1

[CURSOS_ORIGEN]
cursos_origen=O1,O2,O3,O4,O5
minimo_O1=2
minimo_O2=2
minimo_O3=2
minimo_O4=2
minimo_O5=2

[CRITERIOS_BALANCE]
criterios=academico,socioemocional,convivencia
niveles=1,2,3

[ESTUDIANTES]
estudiante;curso_origen;genero;academico;socioemocional;convivencia
1;O1;M;3;3;1
2;O1;F;1;3;1
3;O1;M;2;3;2
4;O1;F;3;3;3
5;O1;F;3;1;1
6;O1;M;3;2;1
7;O1;M;2;1;3
8;O1;F;2;2;2
9;O1;M;2;1;1
10;O1;M;2;3;2
11;O1;F;1;3;3
12;O1;F;1;1;3
13;O1;M;1;3;2
14;O1;M;1;1;3
15;O1;F;3;1;1
16;O1;M;3;2;1
17;O1;F;2;2;3
18;O1;F;2;1;3
19;O2;M;2;2;3
20;O2;M;1;1;1
21;O2;F;3;3;1
22;O2;F;1;3;1
23;O2;F;3;3;3
24;O2;M;2;1;2
25;O2;M;1;1;3
26;O2;F;1;1;3
27;O2;F;3;1;1
28;O2;F;1;1;3
29;O2;M;1;3;2
30;O2;M;2;3;2
31;O2;F;2;2;2
32;O2;M;2;1;3
33;O2;F;1;1;3
34;O2;M;3;1;2
35;O2;F;3;1;3
36;O2;M;1;1;3
37;O3;M;1;3;2
38;O3;M;2;2;1
39;O3;F;3;1;2
40;O3;M;3;3;2
41;O3;F;3;2;2
42;O3;F;3;2;3
43;O3;M;1;1;3
44;O3;M;2;3;1
45;O3;F;2;2;3
46;O3;M;3;2;2
47;O3;F;1;3;3
48;O3;M;2;1;3
49;O3;M;3;3;3
50;O3;F;3;3;3
51;O3;F;2;3;2
52;O3;M;1;1;3
53;O3;F;1;1;2
54;O3;F;2;1;3
55;O4;M;1;2;1
56;O4;F;2;1;3
57;O4;M;3;1;1
58;O4;M;2;2;2
59;O4;M;3;3;3
60;O4;F;2;2;1
61;O4;F;2;2;2
62;O4;M;2;3;1
63;O4;F;3;2;2
64;O4;F;2;3;3
65;O4;F;3;1;2
66;O4;M;1;2;1
67;O4;M;1;1;2
68;O4;M;2;3;3
69;O4;F;3;2;3
70;O4;M;3;1;1
71;O4;F;3;3;3
72;O4;F;3;2;3
73;O5;F;3;1;3
74;O5;F;1;3;1
75;O5;F;3;1;2
76;O5;M;3;1;3
77;O5;M;1;3;2
78;O5;M;1;1;1
79;O5;M;3;1;2
80;O5;F;2;3;1
81;O5;M;1;2;3
82;O5;M;1;3;1
83;O5;M;1;2;2
84;O5;F;2;1;3
85;O5;F;1;2;3
86;O5;M;2;2;1
87;O5;F;2;1;2
88;O5;M;1;2;3
89;O5;F;1;1;2
90;O5;F;1;3;1

[PREFERENCIAS]
# En esta familia P=7, por lo que cada estudiante tiene 7 preferencias
estudiante;preferencia_1;preferencia_2;preferencia_3;preferencia_4;preferencia_5;preferencia_6;preferencia_7
1;42;30;46;54;18;35;6
2;4;64;65;48;22;14;23
3;89;84;2;7;14;26;74
4;31;18;87;48;8;57;26
5;36;16;23;64;4;72;13
6;90;82;8;36;32;39;35
7;62;67;64;69;46;63;74
8;48;11;23;52;78;60;55
9;11;29;66;14;81;62;54
10;13;80;69;19;65;45;88
11;30;34;29;51;62;77;27
12;54;3;60;59;82;19;81
13;66;39;28;88;11;62;59
14;29;44;11;76;2;54;47
15;33;3;90;65;40;54;50
16;78;33;47;4;88;58;23
17;23;70;81;74;65;67;11
18;53;71;51;84;80;25;52
19;30;84;51;2;15;27;61
20;85;6;35;7;30;36;90
21;90;3;6;2;41;33;62
22;52;39;10;3;72;37;83
23;42;71;6;84;66;87;14
24;40;11;37;17;75;39;58
25;72;10;18;26;64;74;48
26;48;3;13;38;35;14;4
27;4;33;13;3;24;64;66
28;34;60;79;39;19;6;83
29;90;38;2;1;61;86;32
30;69;58;1;88;26;7;4
31;81;72;67;28;40;44;7
32;50;34;22;21;71;16;82
33;79;28;46;80;47;12;25
34;32;85;51;66;33;12;45
35;81;45;30;86;90;85;15
36;20;57;38;43;2;53;32
37;44;66;14;33;19;81;16
38;26;65;6;8;43;58;87
39;59;10;83;82;64;37;81
40;30;65;41;4;20;17;22
41;17;13;26;30;8;55;83
42;8;22;76;10;37;87;53
43;34;5;58;39;22;55;73
44;17;32;31;70;73;48;59
45;62;7;22;56;18;31;65
46;45;71;55;12;6;54;3
47;18;11;75;38;85;41;26
48;30;23;39;82;78;15;79
49;50;9;85;24;32;33;59
50;63;30;31;1;75;26;90
51;38;37;80;5;34;43;53
52;31;50;41;32;49;28;37
53;18;8;88;70;48;76;35
54;83;21;6;70;56;69;27
55;62;60;33;44;50;28;10
56;1;68;20;45;26;73;67
57;23;29;83;39;9;56;55
58;73;6;48;52;80;24;17
59;76;58;85;86;23;54;39
60;6;77;19;47;33;26;84
61;42;17;72;39;37;71;3
62;16;32;65;14;70;50;76
63;23;57;17;41;47;90;15
64;4;33;10;68;16;32;3
65;39;7;32;33;48;74;86
66;10;61;34;54;47;25;90
67;60;90;8;89;69;61;15
68;56;39;64;28;2;42;40
69;7;73;76;65;16;21;80
70;43;15;25;8;3;21;81
71;6;36;73;9;68;55;3
72;64;62;88;19;6;51;10
73;30;22;82;9;60;44;16
74;72;40;10;80;20;78;79
75;76;6;68;36;16;41;20
76;45;43;62;50;26;74;57
77;11;20;57;6;73;28;75
78;22;79;28;33;55;61;48
79;87;64;47;48;61;88;29
80;44;61;15;22;73;84;24
81;77;40;35;86;39;47;19
82;81;25;14;4;86;22;68
83;44;46;76;6;3;8;81
84;63;65;53;71;86;10;75
85;51;35;14;22;77;12;1
86;73;62;22;24;68;56;50
87;37;64;77;6;71;80;28
88;39;79;10;82;17;9;42
89;19;5;77;4;14;45;36
90;33;87;49;77;53;1;11

[SEPARACIONES]
estudiante_i;estudiante_j
4;12
6;88
10;30
15;22
20;83
21;57
24;77
26;78
29;54
40;52
41;47
43;63
49;57
51;86
55;77
59;63
60;72
68;89
69;70
69;85
70;86
70;88

[NOTAS]
generacion=aleatoria_controlada
preferencias_por_estudiante=P_fijo
genero=balanceado_dentro_de_cada_curso_de_origen
criterios_perfil=sorteados_de_forma_independiente
separaciones=aprox_N_div_4
estado=instancia_de_experimento
pesos_funcion_objetivo=no_incluidos_en_la_instancia
factibilidad=se_uso_una_asignacion_testigo_solo_para_generar_la_instancia
