# ------------------------------------------------------------
# Instancia sintetica para pruebas del modelo exacto
# L = 18 estudiantes por curso
# P = 6 preferencias por estudiante
# C = 5 cursos nuevos
# Total = 90 estudiantes
# ------------------------------------------------------------

# INSTANCIA DE REASIGNACION DE ESTUDIANTES
# Este archivo contiene los datos de entrada de la instancia. La solucion se guarda aparte.

[INSTANCIA]
nombre=c_n_18_l_6_s_5_i_5
semilla=60636
N=90
C=5
L=18
P=6

[CURSOS_NUEVOS]
curso;capacidad
1;18
2;18
3;18
4;18
5;18

[BALANCE_GENERO]
grupos=F,M
diferencia_maxima=1

[CURSOS_ORIGEN]
cursos_origen=O1,O2,O3,O4,O5
minimo_O1=2
minimo_O2=2
minimo_O3=2
minimo_O4=2
minimo_O5=2

[CRITERIOS_BALANCE]
criterios=academico,socioemocional,convivencia
niveles=1,2,3

[ESTUDIANTES]
estudiante;curso_origen;genero;academico;socioemocional;convivencia
1;O1;M;2;1;3
2;O1;F;2;2;2
3;O1;F;3;2;3
4;O1;M;3;2;1
5;O1;F;2;1;3
6;O1;M;1;3;1
7;O1;F;1;1;2
8;O1;F;3;1;1
9;O1;F;1;2;1
10;O1;F;2;1;3
11;O1;M;1;1;3
12;O1;M;3;2;1
13;O1;M;2;2;1
14;O1;M;2;1;1
15;O1;F;1;3;2
16;O1;M;3;2;2
17;O1;M;3;2;1
18;O1;F;3;1;2
19;O2;F;3;1;3
20;O2;F;2;3;1
21;O2;M;1;2;2
22;O2;M;2;1;3
23;O2;M;3;3;1
24;O2;F;1;2;2
25;O2;F;1;2;3
26;O2;F;3;1;3
27;O2;F;1;3;3
28;O2;F;2;2;1
29;O2;M;1;2;3
30;O2;M;3;3;2
31;O2;F;1;2;1
32;O2;M;2;1;1
33;O2;M;2;1;2
34;O2;M;2;3;3
35;O2;F;1;1;1
36;O2;M;3;3;2
37;O3;M;2;3;3
38;O3;M;3;1;1
39;O3;F;2;2;1
40;O3;F;1;3;3
41;O3;M;1;3;3
42;O3;F;1;1;3
43;O3;M;3;2;2
44;O3;F;1;1;1
45;O3;M;3;2;1
46;O3;F;3;3;3
47;O3;M;2;1;3
48;O3;F;2;3;1
49;O3;F;1;2;3
50;O3;M;3;3;1
51;O3;F;1;1;3
52;O3;M;2;2;2
53;O3;M;2;2;2
54;O3;F;1;3;2
55;O4;M;2;2;3
56;O4;F;1;2;2
57;O4;F;2;1;2
58;O4;F;3;3;3
59;O4;F;3;1;2
60;O4;F;3;2;1
61;O4;F;3;3;3
62;O4;M;1;3;2
63;O4;F;3;1;1
64;O4;M;1;1;2
65;O4;M;3;1;2
66;O4;F;1;3;3
67;O4;M;1;2;2
68;O4;M;1;2;2
69;O4;M;1;2;2
70;O4;M;1;1;1
71;O4;M;2;3;1
72;O4;F;1;1;2
73;O5;F;2;3;2
74;O5;M;1;2;1
75;O5;F;1;2;3
76;O5;F;2;2;3
77;O5;M;1;1;3
78;O5;M;2;1;3
79;O5;F;2;3;3
80;O5;F;1;3;1
81;O5;M;3;3;3
82;O5;F;1;3;2
83;O5;F;1;1;2
84;O5;M;2;2;1
85;O5;M;3;3;2
86;O5;F;3;3;3
87;O5;F;1;1;1
88;O5;M;2;3;2
89;O5;M;1;1;2
90;O5;M;2;3;1

[PREFERENCIAS]
# En esta familia P=6, por lo que cada estudiante tiene 6 preferencias
estudiante;preferencia_1;preferencia_2;preferencia_3;preferencia_4;preferencia_5;preferencia_6
1;2;75;28;59;42;49
2;23;78;87;90;20;83
3;40;33;83;9;75;52
4;5;56;89;66;82;61
5;56;26;31;17;25;88
6;32;78;10;19;12;42
7;25;20;63;45;35;31
8;9;33;67;55;46;58
9;45;46;52;22;71;69
10;2;76;41;82;81;68
11;87;73;72;31;42;38
12;44;56;85;20;62;53
13;36;7;63;71;25;14
14;40;69;5;71;39;25
15;62;9;55;37;17;47
16;35;48;61;11;85;40
17;37;60;55;48;65;26
18;17;60;46;44;43;16
19;1;82;37;63;25;79
20;39;28;58;76;4;71
21;80;63;26;46;75;74
22;57;25;31;4;84;16
23;36;75;6;33;51;60
24;60;59;29;30;20;15
25;7;78;66;46;35;2
26;19;6;68;18;8;72
27;38;86;69;80;35;17
28;83;11;85;68;31;56
29;85;83;45;43;73;34
30;69;7;66;67;75;48
31;43;27;7;30;53;37
32;84;74;26;59;90;67
33;2;21;67;48;16;26
34;14;36;69;83;74;12
35;70;11;24;57;4;18
36;74;90;54;37;51;60
37;32;48;5;47;21;67
38;48;44;3;72;79;5
39;17;28;47;79;74;88
40;46;22;72;53;14;9
41;72;19;58;26;29;1
42;26;29;16;22;89;68
43;82;21;64;27;25;67
44;70;88;6;87;9;34
45;76;79;77;19;86;82
46;26;25;73;48;21;2
47;22;39;48;69;72;26
48;5;22;32;83;66;2
49;23;43;17;30;65;67
50;25;5;14;34;58;30
51;72;36;60;77;26;24
52;67;43;49;85;12;88
53;30;9;21;82;35;46
54;14;4;43;65;33;90
55;77;28;7;45;89;65
56;44;17;34;73;80;6
57;89;34;38;65;85;63
58;11;60;76;89;32;49
59;77;48;31;51;27;68
60;47;37;10;79;56;54
61;55;84;33;67;47;56
62;10;54;11;25;61;6
63;18;4;70;49;20;35
64;35;30;33;79;19;82
65;81;4;7;78;76;16
66;15;37;56;69;7;1
67;44;17;52;34;80;71
68;87;1;2;5;67;51
69;52;20;4;38;43;58
70;64;58;51;76;60;57
71;74;17;23;10;13;76
72;24;90;42;6;80;25
73;39;31;27;9;38;55
74;52;57;70;48;32;4
75;39;78;82;35;37;69
76;67;7;83;48;2;37
77;24;66;41;42;60;28
78;40;55;51;65;11;32
79;58;12;31;25;4;66
80;68;28;88;58;59;41
81;88;35;32;50;70;55
82;41;67;66;57;36;84
83;6;35;13;63;18;67
84;16;55;71;73;68;70
85;54;49;74;43;62;42
86;85;49;18;24;58;50
87;55;65;68;89;46;8
88;23;38;58;29;86;28
89;64;75;26;10;88;67
90;78;36;12;15;58;11

[SEPARACIONES]
estudiante_i;estudiante_j
1;10
1;85
2;22
5;19
9;26
10;20
10;37
12;23
12;29
18;79
18;90
23;70
24;82
27;88
35;45
41;45
41;84
43;87
49;76
59;69
64;67
83;86

[NOTAS]
generacion=aleatoria_controlada
preferencias_por_estudiante=P_fijo
genero=balanceado_dentro_de_cada_curso_de_origen
criterios_perfil=sorteados_de_forma_independiente
separaciones=aprox_N_div_4
estado=instancia_de_experimento
pesos_funcion_objetivo=no_incluidos_en_la_instancia
factibilidad=se_uso_una_asignacion_testigo_solo_para_generar_la_instancia
