# ------------------------------------------------------------
# Instancia sintetica para pruebas del modelo exacto
# L = 36 estudiantes por curso
# P = 7 preferencias por estudiante
# C = 2 cursos nuevos
# Total = 72 estudiantes
# ------------------------------------------------------------

# INSTANCIA DE REASIGNACION DE ESTUDIANTES
# Este archivo contiene los datos de entrada de la instancia. La solucion se guarda aparte.

[INSTANCIA]
nombre=c_n_36_l_7_s_2_i_5
semilla=70394
N=72
C=2
L=36
P=7

[CURSOS_NUEVOS]
curso;capacidad
1;36
2;36

[BALANCE_GENERO]
grupos=F,M
diferencia_maxima=1

[CURSOS_ORIGEN]
cursos_origen=O1,O2
minimo_O1=17
minimo_O2=17

[CRITERIOS_BALANCE]
criterios=academico,socioemocional,convivencia
niveles=1,2,3

[ESTUDIANTES]
estudiante;curso_origen;genero;academico;socioemocional;convivencia
1;O1;F;1;2;2
2;O1;F;2;2;1
3;O1;M;1;1;3
4;O1;M;2;1;2
5;O1;F;3;1;3
6;O1;F;1;2;2
7;O1;M;3;1;3
8;O1;F;3;2;3
9;O1;M;2;3;3
10;O1;F;1;2;2
11;O1;M;1;2;3
12;O1;F;1;3;1
13;O1;M;2;1;3
14;O1;M;3;1;1
15;O1;M;3;3;3
16;O1;M;3;1;1
17;O1;M;2;3;3
18;O1;F;3;1;3
19;O1;M;1;3;3
20;O1;M;3;2;1
21;O1;F;2;3;1
22;O1;F;3;3;3
23;O1;F;3;1;3
24;O1;M;1;2;2
25;O1;F;2;1;1
26;O1;F;2;2;3
27;O1;F;2;2;3
28;O1;M;2;2;2
29;O1;M;3;1;2
30;O1;F;1;1;1
31;O1;F;2;1;2
32;O1;F;2;2;1
33;O1;M;3;1;2
34;O1;M;3;3;3
35;O1;F;2;2;2
36;O1;M;3;1;2
37;O2;F;3;1;1
38;O2;F;1;2;3
39;O2;M;2;2;3
40;O2;M;3;3;1
41;O2;M;2;1;2
42;O2;M;1;1;2
43;O2;F;2;3;3
44;O2;F;2;1;2
45;O2;F;1;2;3
46;O2;M;1;1;1
47;O2;F;2;2;3
48;O2;M;2;2;3
49;O2;F;2;3;2
50;O2;F;1;2;2
51;O2;F;2;1;3
52;O2;F;3;3;3
53;O2;M;3;2;1
54;O2;F;2;3;1
55;O2;M;1;3;3
56;O2;F;2;2;3
57;O2;M;1;2;1
58;O2;M;2;1;1
59;O2;F;1;1;2
60;O2;M;2;3;3
61;O2;F;2;1;3
62;O2;M;3;3;1
63;O2;M;3;3;2
64;O2;M;3;2;2
65;O2;M;3;2;3
66;O2;M;3;1;3
67;O2;F;3;3;2
68;O2;F;3;1;2
69;O2;M;3;3;1
70;O2;M;1;1;2
71;O2;F;1;1;3
72;O2;F;1;3;2

[PREFERENCIAS]
# En esta familia P=7, por lo que cada estudiante tiene 7 preferencias
estudiante;preferencia_1;preferencia_2;preferencia_3;preferencia_4;preferencia_5;preferencia_6;preferencia_7
1;16;18;42;49;9;56;64
2;72;67;65;43;70;40;38
3;69;59;25;19;54;17;58
4;24;61;29;35;3;8;52
5;8;23;45;65;30;11;34
6;27;24;33;12;71;68;66
7;51;58;53;45;41;15;29
8;28;41;72;32;66;68;4
9;54;50;32;66;30;45;19
10;45;42;22;19;14;20;25
11;4;67;50;44;16;61;55
12;42;22;7;3;69;23;34
13;27;35;53;29;46;22;10
14;21;6;59;63;46;54;29
15;24;3;52;6;68;54;26
16;67;72;9;52;71;42;18
17;33;50;15;36;5;10;2
18;25;22;28;44;52;12;31
19;3;62;50;34;52;13;1
20;8;41;12;28;50;48;9
21;20;25;72;10;69;28;62
22;1;44;17;49;69;23;46
23;71;56;8;39;24;36;51
24;3;50;42;67;48;64;70
25;68;51;49;27;8;47;19
26;65;46;51;22;10;31;57
27;16;55;32;12;67;7;24
28;52;49;54;37;24;35;9
29;40;38;20;62;48;71;15
30;66;72;16;62;31;42;57
31;46;72;44;3;40;53;69
32;28;64;60;61;24;23;69
33;21;52;40;22;71;34;30
34;65;23;6;71;57;62;35
35;33;39;53;22;48;4;20
36;8;27;72;35;3;28;23
37;13;47;40;6;8;24;17
38;16;9;64;40;34;48;6
39;26;43;18;55;15;13;21
40;37;12;1;17;33;68;67
41;15;59;60;56;57;64;2
42;60;6;35;36;48;72;61
43;71;42;9;65;6;36;23
44;41;7;4;39;24;13;23
45;53;23;21;68;2;12;30
46;32;59;8;9;37;27;53
47;22;62;67;50;51;41;6
48;50;25;23;70;32;62;44
49;34;3;69;57;2;19;14
50;18;42;45;39;26;41;9
51;65;14;53;8;47;16;27
52;31;34;5;57;12;30;16
53;36;18;21;15;17;60;43
54;15;14;1;18;69;51;21
55;66;34;53;44;37;59;39
56;19;10;62;58;47;69;15
57;25;56;46;22;43;29;28
58;25;39;38;64;44;43;59
59;9;61;55;35;47;5;53
60;32;8;38;19;46;33;2
61;18;52;25;17;33;31;45
62;60;19;67;63;47;66;51
63;62;12;1;69;8;60;46
64;43;71;10;60;48;20;59
65;34;25;7;59;26;43;18
66;2;7;65;50;4;56;26
67;44;9;34;52;14;61;69
68;41;63;58;52;32;51;2
69;35;14;11;51;55;20;27
70;26;60;28;43;37;61;72
71;67;1;34;72;30;3;5
72;25;26;9;41;18;35;2

[SEPARACIONES]
estudiante_i;estudiante_j
3;48
3;55
6;11
6;23
7;13
7;44
12;31
18;32
18;63
22;54
23;25
23;56
34;42
38;53
46;64
49;50
52;65
71;72

[NOTAS]
generacion=aleatoria_controlada
preferencias_por_estudiante=P_fijo
genero=balanceado_dentro_de_cada_curso_de_origen
criterios_perfil=sorteados_de_forma_independiente
separaciones=aprox_N_div_4
estado=instancia_de_experimento
pesos_funcion_objetivo=no_incluidos_en_la_instancia
factibilidad=se_uso_una_asignacion_testigo_solo_para_generar_la_instancia
