# ------------------------------------------------------------
# Instancia sintetica para pruebas del modelo exacto
# L = 18 estudiantes por curso
# P = 5 preferencias por estudiante
# C = 6 cursos nuevos
# Total = 108 estudiantes
# ------------------------------------------------------------

# INSTANCIA DE REASIGNACION DE ESTUDIANTES
# Este archivo contiene los datos de entrada de la instancia. La solucion se guarda aparte.

[INSTANCIA]
nombre=c_n_18_l_5_s_6_i_1
semilla=50702
N=108
C=6
L=18
P=5

[CURSOS_NUEVOS]
curso;capacidad
1;18
2;18
3;18
4;18
5;18
6;18

[BALANCE_GENERO]
grupos=F,M
diferencia_maxima=1

[CURSOS_ORIGEN]
cursos_origen=O1,O2,O3,O4,O5,O6
minimo_O1=2
minimo_O2=2
minimo_O3=2
minimo_O4=2
minimo_O5=2
minimo_O6=2

[CRITERIOS_BALANCE]
criterios=academico,socioemocional,convivencia
niveles=1,2,3

[ESTUDIANTES]
estudiante;curso_origen;genero;academico;socioemocional;convivencia
1;O1;M;3;1;3
2;O1;M;2;2;1
3;O1;M;1;1;3
4;O1;F;2;3;1
5;O1;M;2;3;1
6;O1;M;1;2;2
7;O1;F;1;1;1
8;O1;F;1;2;1
9;O1;F;1;3;1
10;O1;F;2;3;1
11;O1;M;1;2;2
12;O1;F;3;2;3
13;O1;F;1;2;2
14;O1;M;3;3;2
15;O1;F;1;2;2
16;O1;F;3;3;2
17;O1;M;3;3;3
18;O1;M;2;2;3
19;O2;M;3;2;3
20;O2;M;1;1;1
21;O2;M;3;1;3
22;O2;F;3;1;2
23;O2;F;3;1;1
24;O2;M;1;3;2
25;O2;F;2;3;2
26;O2;M;3;1;3
27;O2;M;2;1;2
28;O2;F;3;2;1
29;O2;F;1;2;1
30;O2;M;3;1;2
31;O2;F;2;2;2
32;O2;F;3;3;2
33;O2;F;3;3;2
34;O2;F;3;1;1
35;O2;M;1;2;1
36;O2;M;3;2;3
37;O3;M;2;2;3
38;O3;M;1;2;2
39;O3;F;3;2;3
40;O3;M;2;1;3
41;O3;M;3;2;1
42;O3;M;3;2;3
43;O3;M;2;3;3
44;O3;F;1;2;1
45;O3;F;2;1;3
46;O3;F;1;2;1
47;O3;F;1;2;2
48;O3;F;2;2;1
49;O3;M;3;1;1
50;O3;F;1;2;1
51;O3;M;1;1;1
52;O3;M;3;2;3
53;O3;F;1;3;1
54;O3;F;2;2;1
55;O4;F;2;3;3
56;O4;F;3;2;3
57;O4;M;2;2;3
58;O4;M;1;3;1
59;O4;F;3;1;1
60;O4;M;1;3;2
61;O4;M;3;1;2
62;O4;F;2;1;1
63;O4;F;1;1;1
64;O4;F;1;3;1
65;O4;M;2;1;2
66;O4;M;3;3;2
67;O4;F;2;1;1
68;O4;M;2;3;3
69;O4;F;2;3;3
70;O4;M;2;2;1
71;O4;F;3;2;3
72;O4;M;1;2;1
73;O5;M;1;3;3
74;O5;F;2;1;3
75;O5;M;2;2;2
76;O5;F;1;2;1
77;O5;M;1;2;2
78;O5;F;1;2;1
79;O5;M;3;3;3
80;O5;F;1;2;2
81;O5;M;1;2;2
82;O5;F;1;1;1
83;O5;M;2;3;1
84;O5;F;2;2;1
85;O5;M;2;3;3
86;O5;M;3;2;3
87;O5;F;2;1;1
88;O5;F;2;3;3
89;O5;F;1;1;2
90;O5;M;1;1;1
91;O6;F;1;2;2
92;O6;M;3;3;1
93;O6;M;1;2;3
94;O6;F;1;1;1
95;O6;M;2;2;3
96;O6;F;2;3;3
97;O6;M;1;1;1
98;O6;M;2;2;2
99;O6;M;1;1;2
100;O6;F;3;2;2
101;O6;M;2;3;3
102;O6;M;2;3;2
103;O6;F;3;2;2
104;O6;F;3;2;1
105;O6;F;3;3;3
106;O6;F;2;3;1
107;O6;F;3;3;1
108;O6;M;3;2;1

[PREFERENCIAS]
# En esta familia P=5, por lo que cada estudiante tiene 5 preferencias
estudiante;preferencia_1;preferencia_2;preferencia_3;preferencia_4;preferencia_5
1;24;57;84;62;106
2;33;40;72;29;58
3;78;59;8;97;71
4;22;77;64;17;39
5;3;88;99;37;84
6;62;35;18;40;34
7;62;11;27;3;84
8;15;100;105;59;16
9;10;66;83;22;24
10;45;52;8;47;82
11;29;51;1;98;19
12;87;52;80;24;64
13;32;34;1;68;55
14;36;48;73;106;42
15;103;46;14;74;93
16;89;85;81;108;66
17;82;20;5;46;31
18;67;102;46;41;1
19;82;58;15;42;1
20;1;89;98;8;17
21;52;99;50;41;9
22;3;61;60;104;39
23;11;61;71;31;65
24;79;98;47;33;77
25;1;55;6;69;46
26;1;97;49;67;70
27;11;68;70;91;25
28;15;55;41;65;89
29;73;41;81;36;75
30;12;85;76;35;68
31;107;29;99;75;65
32;29;85;81;53;42
33;32;87;41;65;101
34;106;36;82;88;2
35;3;73;4;107;18
36;77;12;23;46;63
37;16;48;25;86;31
38;78;12;48;21;64
39;40;93;21;89;94
40;56;49;20;16;92
41;28;59;42;4;55
42;21;66;36;58;79
43;35;50;9;34;6
44;1;65;45;96;104
45;20;88;87;85;13
46;57;81;7;107;24
47;85;83;61;74;105
48;91;29;2;38;81
49;11;50;90;46;52
50;80;38;14;96;11
51;58;39;83;86;35
52;61;37;40;24;30
53;42;46;89;87;88
54;14;41;7;79;85
55;12;69;104;5;64
56;42;37;15;21;32
57;49;81;79;11;16
58;26;13;86;2;19
59;42;69;2;55;63
60;5;96;70;32;22
61;59;4;57;78;83
62;72;68;39;15;96
63;13;14;8;95;99
64;21;102;33;77;28
65;77;28;66;58;71
66;75;8;106;74;26
67;77;9;91;17;56
68;28;8;94;4;25
69;56;23;2;14;39
70;63;64;60;94;38
71;106;94;53;52;76
72;12;61;63;39;46
73;84;63;53;77;93
74;41;54;49;99;47
75;48;28;9;107;22
76;14;40;3;96;55
77;24;21;76;39;46
78;59;69;12;13;81
79;90;101;31;22;6
80;3;92;88;67;87
81;47;51;76;3;55
82;105;96;104;74;75
83;76;105;33;90;23
84;94;58;27;49;23
85;94;5;75;40;108
86;96;98;8;73;85
87;104;13;16;40;12
88;101;100;49;60;18
89;17;95;35;40;44
90;47;19;18;108;27
91;2;21;69;105;30
92;68;60;20;28;63
93;31;99;26;75;20
94;31;89;53;5;82
95;100;52;91;75;49
96;106;44;42;85;12
97;86;51;47;61;14
98;25;74;12;41;56
99;37;38;30;106;49
100;56;85;81;64;39
101;14;2;66;10;77
102;7;41;98;90;89
103;54;58;14;85;30
104;70;92;40;18;38
105;73;55;91;93;22
106;22;8;14;93;78
107;50;93;96;104;41
108;48;60;39;8;13

[SEPARACIONES]
estudiante_i;estudiante_j
3;21
6;35
7;105
18;53
26;63
26;80
28;94
29;69
30;89
33;78
34;40
34;73
35;72
40;70
42;90
47;82
53;57
58;104
60;61
63;94
63;100
65;78
68;70
70;98
71;85
73;87
91;104

[NOTAS]
generacion=aleatoria_controlada
preferencias_por_estudiante=P_fijo
genero=balanceado_dentro_de_cada_curso_de_origen
criterios_perfil=sorteados_de_forma_independiente
separaciones=aprox_N_div_4
estado=instancia_de_experimento
pesos_funcion_objetivo=no_incluidos_en_la_instancia
factibilidad=se_uso_una_asignacion_testigo_solo_para_generar_la_instancia
