# ------------------------------------------------------------
# Instancia sintetica para pruebas del modelo exacto
# L = 18 estudiantes por curso
# P = 7 preferencias por estudiante
# C = 4 cursos nuevos
# Total = 72 estudiantes
# ------------------------------------------------------------

# INSTANCIA DE REASIGNACION DE ESTUDIANTES
# Este archivo contiene los datos de entrada de la instancia. La solucion se guarda aparte.

[INSTANCIA]
nombre=c_n_18_l_7_s_4_i_5
semilla=70542
N=72
C=4
L=18
P=7

[CURSOS_NUEVOS]
curso;capacidad
1;18
2;18
3;18
4;18

[BALANCE_GENERO]
grupos=F,M
diferencia_maxima=1

[CURSOS_ORIGEN]
cursos_origen=O1,O2,O3,O4
minimo_O1=3
minimo_O2=3
minimo_O3=3
minimo_O4=3

[CRITERIOS_BALANCE]
criterios=academico,socioemocional,convivencia
niveles=1,2,3

[ESTUDIANTES]
estudiante;curso_origen;genero;academico;socioemocional;convivencia
1;O1;F;1;3;1
2;O1;F;1;1;2
3;O1;M;2;3;2
4;O1;M;1;1;2
5;O1;F;1;2;1
6;O1;M;3;2;1
7;O1;M;2;2;1
8;O1;M;1;1;3
9;O1;F;3;1;3
10;O1;F;1;1;1
11;O1;M;1;3;2
12;O1;F;2;2;2
13;O1;M;1;3;2
14;O1;M;3;1;2
15;O1;F;3;1;1
16;O1;M;2;3;2
17;O1;F;2;3;3
18;O1;F;3;1;2
19;O2;F;3;3;1
20;O2;F;2;3;2
21;O2;F;2;2;3
22;O2;M;3;1;3
23;O2;F;2;2;1
24;O2;M;2;1;3
25;O2;M;2;1;1
26;O2;F;1;1;2
27;O2;M;1;1;2
28;O2;F;1;1;3
29;O2;M;1;3;3
30;O2;F;1;2;2
31;O2;M;3;2;2
32;O2;M;2;2;1
33;O2;M;3;1;2
34;O2;F;1;2;2
35;O2;M;1;1;3
36;O2;F;3;3;3
37;O3;F;2;3;1
38;O3;F;1;3;3
39;O3;M;2;3;1
40;O3;F;1;1;2
41;O3;M;3;1;2
42;O3;M;2;1;2
43;O3;M;1;1;2
44;O3;M;1;3;1
45;O3;M;1;2;2
46;O3;F;2;3;2
47;O3;M;1;3;1
48;O3;F;3;1;2
49;O3;F;3;1;1
50;O3;F;1;3;3
51;O3;M;2;1;1
52;O3;M;3;2;1
53;O3;F;3;1;3
54;O3;F;3;3;1
55;O4;M;1;2;2
56;O4;M;3;2;2
57;O4;M;2;3;2
58;O4;F;2;2;1
59;O4;F;2;1;1
60;O4;M;3;1;3
61;O4;F;2;1;3
62;O4;F;1;1;3
63;O4;F;3;3;2
64;O4;M;3;2;3
65;O4;M;2;1;3
66;O4;F;1;1;1
67;O4;F;1;3;2
68;O4;M;2;1;3
69;O4;M;3;2;1
70;O4;F;2;2;2
71;O4;F;3;1;2
72;O4;M;2;3;1

[PREFERENCIAS]
# En esta familia P=7, por lo que cada estudiante tiene 7 preferencias
estudiante;preferencia_1;preferencia_2;preferencia_3;preferencia_4;preferencia_5;preferencia_6;preferencia_7
1;51;16;47;58;20;53;45
2;31;38;58;20;61;36;53
3;28;32;4;13;30;5;26
4;19;62;11;5;13;58;56
5;68;39;28;69;21;59;30
6;71;13;27;28;14;48;46
7;49;37;28;53;63;58;71
8;71;28;1;45;56;17;32
9;21;72;42;33;22;25;63
10;20;63;17;11;66;3;35
11;54;2;41;55;53;10;8
12;47;21;30;4;52;8;19
13;28;24;33;71;38;1;31
14;16;37;55;18;17;4;46
15;49;14;35;2;65;71;30
16;14;52;60;29;61;18;65
17;35;49;11;63;38;20;52
18;68;12;45;53;1;72;2
19;58;62;71;69;56;37;39
20;35;38;1;56;46;24;69
21;35;10;52;71;55;18;32
22;57;72;66;33;52;51;26
23;54;61;60;28;43;13;67
24;58;57;71;10;40;4;49
25;40;60;43;70;21;6;13
26;63;11;10;61;39;27;51
27;47;52;41;12;67;62;10
28;70;57;71;50;59;67;30
29;13;51;42;68;41;55;35
30;21;8;14;17;49;32;54
31;15;3;46;56;13;23;53
32;16;65;3;15;49;67;61
33;28;43;3;47;4;57;59
34;40;66;20;19;69;30;27
35;29;25;10;66;34;27;56
36;60;28;50;45;26;10;66
37;10;28;49;12;4;1;15
38;66;11;10;62;13;54;23
39;11;42;72;25;65;48;53
40;1;25;50;65;62;42;69
41;60;23;25;47;43;63;9
42;15;24;10;59;70;54;47
43;66;60;72;31;47;8;20
44;56;50;7;65;72;17;18
45;67;16;15;64;14;31;28
46;23;17;24;41;52;11;6
47;44;60;45;5;41;34;9
48;24;57;41;58;23;49;29
49;67;12;52;5;22;21;1
50;36;68;5;18;29;53;56
51;15;55;25;69;38;53;65
52;33;50;62;36;64;7;43
53;64;66;72;32;5;3;34
54;18;72;34;31;47;27;61
55;16;67;3;31;10;28;39
56;2;12;46;17;13;51;8
57;17;60;33;24;18;47;34
58;25;15;45;69;1;18;7
59;51;46;49;72;22;1;27
60;20;26;18;49;29;27;40
61;67;34;51;27;2;22;69
62;47;60;16;52;45;18;33
63;11;6;19;61;17;64;33
64;34;18;53;17;42;19;22
65;18;64;55;20;5;16;17
66;19;57;1;63;28;39;43
67;63;47;52;22;4;44;46
68;1;28;18;21;69;31;42
69;42;41;50;72;30;45;31
70;2;64;15;35;62;57;31
71;38;31;11;61;18;13;58
72;33;52;25;38;64;54;46

[SEPARACIONES]
estudiante_i;estudiante_j
2;10
2;33
2;56
5;54
7;53
8;36
9;39
10;34
11;54
14;52
15;16
21;34
22;46
29;61
37;69
45;55
46;70
61;64

[NOTAS]
generacion=aleatoria_controlada
preferencias_por_estudiante=P_fijo
genero=balanceado_dentro_de_cada_curso_de_origen
criterios_perfil=sorteados_de_forma_independiente
separaciones=aprox_N_div_4
estado=instancia_de_experimento
pesos_funcion_objetivo=no_incluidos_en_la_instancia
factibilidad=se_uso_una_asignacion_testigo_solo_para_generar_la_instancia
