# ------------------------------------------------------------
# Instancia sintetica para pruebas del modelo exacto
# L = 36 estudiantes por curso
# P = 7 preferencias por estudiante
# C = 2 cursos nuevos
# Total = 72 estudiantes
# ------------------------------------------------------------

# INSTANCIA DE REASIGNACION DE ESTUDIANTES
# Este archivo contiene los datos de entrada de la instancia. La solucion se guarda aparte.

[INSTANCIA]
nombre=c_n_36_l_7_s_2_i_6
semilla=70401
N=72
C=2
L=36
P=7

[CURSOS_NUEVOS]
curso;capacidad
1;36
2;36

[BALANCE_GENERO]
grupos=F,M
diferencia_maxima=1

[CURSOS_ORIGEN]
cursos_origen=O1,O2
minimo_O1=17
minimo_O2=17

[CRITERIOS_BALANCE]
criterios=academico,socioemocional,convivencia
niveles=1,2,3

[ESTUDIANTES]
estudiante;curso_origen;genero;academico;socioemocional;convivencia
1;O1;M;3;1;2
2;O1;F;3;2;2
3;O1;M;3;1;2
4;O1;F;1;1;3
5;O1;F;3;1;3
6;O1;F;1;2;1
7;O1;F;1;2;2
8;O1;F;1;2;1
9;O1;M;3;2;2
10;O1;F;1;1;1
11;O1;M;2;1;2
12;O1;M;3;2;3
13;O1;M;3;2;2
14;O1;F;3;3;2
15;O1;F;1;1;1
16;O1;M;2;2;2
17;O1;F;1;2;3
18;O1;M;3;1;3
19;O1;F;1;1;2
20;O1;M;2;2;1
21;O1;F;2;2;1
22;O1;F;3;2;2
23;O1;M;2;3;3
24;O1;M;3;1;3
25;O1;F;2;1;2
26;O1;M;3;1;1
27;O1;F;1;2;2
28;O1;M;3;1;2
29;O1;F;3;2;3
30;O1;M;2;2;1
31;O1;M;2;3;2
32;O1;M;2;3;3
33;O1;F;3;1;1
34;O1;F;1;1;3
35;O1;M;1;3;1
36;O1;M;2;3;2
37;O2;F;1;2;2
38;O2;M;1;2;3
39;O2;F;2;1;3
40;O2;F;2;3;2
41;O2;M;1;1;3
42;O2;M;2;1;3
43;O2;F;1;1;2
44;O2;F;3;2;1
45;O2;F;2;2;3
46;O2;M;3;2;3
47;O2;M;1;2;3
48;O2;M;1;2;1
49;O2;M;2;3;1
50;O2;F;3;3;1
51;O2;F;2;3;2
52;O2;M;2;3;3
53;O2;M;1;3;3
54;O2;F;3;2;2
55;O2;F;3;2;2
56;O2;F;2;2;1
57;O2;M;3;3;1
58;O2;M;3;2;2
59;O2;F;3;2;1
60;O2;F;2;2;1
61;O2;F;1;3;1
62;O2;M;1;2;2
63;O2;F;3;2;1
64;O2;M;2;2;3
65;O2;F;3;1;2
66;O2;M;3;1;3
67;O2;F;1;3;2
68;O2;M;3;3;3
69;O2;F;1;1;2
70;O2;M;1;3;1
71;O2;M;3;1;1
72;O2;M;3;3;1

[PREFERENCIAS]
# En esta familia P=7, por lo que cada estudiante tiene 7 preferencias
estudiante;preferencia_1;preferencia_2;preferencia_3;preferencia_4;preferencia_5;preferencia_6;preferencia_7
1;60;58;5;51;7;4;49
2;47;66;58;64;12;19;56
3;49;41;47;52;32;69;63
4;7;53;65;54;44;6;8
5;26;31;38;60;71;6;57
6;71;50;49;31;27;41;42
7;8;69;70;21;51;49;64
8;56;11;33;70;62;35;30
9;22;35;21;45;52;50;70
10;32;8;52;4;12;20;54
11;67;26;54;16;22;37;19
12;3;51;59;5;18;36;26
13;65;49;11;66;2;32;27
14;16;19;42;59;62;67;63
15;58;49;26;39;10;4;52
16;4;34;28;51;70;45;7
17;22;5;31;28;12;58;7
18;62;5;63;71;45;52;69
19;5;4;45;60;51;57;41
20;18;68;65;46;53;67;59
21;56;18;50;22;64;8;62
22;56;29;21;28;69;41;47
23;34;9;14;69;59;43;2
24;26;10;42;57;53;8;43
25;27;71;17;36;40;69;65
26;3;16;31;48;40;23;64
27;56;4;72;6;12;63;65
28;10;24;64;17;48;34;68
29;41;15;48;17;42;5;46
30;65;31;45;47;6;38;70
31;47;62;13;26;44;12;9
32;50;69;11;61;26;62;68
33;42;62;49;47;57;44;12
34;70;64;68;54;53;20;41
35;59;31;12;69;72;32;42
36;26;1;43;41;67;65;44
37;61;28;36;31;65;46;47
38;7;33;2;48;36;25;30
39;33;16;11;7;3;14;34
40;47;61;31;50;59;35;10
41;18;45;27;16;53;60;1
42;72;61;44;38;5;25;70
43;29;54;30;57;62;49;10
44;10;1;63;23;66;45;6
45;12;42;29;26;25;47;72
46;60;43;59;32;4;38;13
47;4;65;40;21;32;14;39
48;8;38;35;25;9;7;64
49;43;11;1;38;62;32;4
50;6;55;25;9;15;36;41
51;35;9;49;66;2;71;67
52;46;34;19;56;23;41;53
53;37;28;51;25;20;70;16
54;15;6;37;30;67;3;34
55;12;41;49;70;42;35;29
56;19;68;28;35;8;50;39
57;65;5;13;42;3;61;50
58;70;52;12;63;14;42;67
59;72;18;33;14;28;35;47
60;6;53;5;54;25;12;22
61;71;49;1;43;26;37;70
62;66;59;40;61;58;22;14
63;27;21;46;67;34;23;3
64;63;15;6;27;49;19;28
65;49;26;48;47;67;13;15
66;55;51;53;21;16;4;68
67;10;34;12;8;61;47;32
68;32;15;44;6;60;25;56
69;66;50;34;45;12;8;54
70;48;54;4;5;8;42;49
71;6;54;70;34;27;40;66
72;26;42;56;67;59;2;49

[SEPARACIONES]
estudiante_i;estudiante_j
2;62
4;31
8;10
8;37
8;47
8;64
9;39
14;58
17;53
18;20
18;49
18;54
19;55
27;29
38;59
39;47
41;50
43;50

[NOTAS]
generacion=aleatoria_controlada
preferencias_por_estudiante=P_fijo
genero=balanceado_dentro_de_cada_curso_de_origen
criterios_perfil=sorteados_de_forma_independiente
separaciones=aprox_N_div_4
estado=instancia_de_experimento
pesos_funcion_objetivo=no_incluidos_en_la_instancia
factibilidad=se_uso_una_asignacion_testigo_solo_para_generar_la_instancia
