# ------------------------------------------------------------
# Instancia sintetica para pruebas del modelo exacto
# L = 36 estudiantes por curso
# P = 5 preferencias por estudiante
# C = 6 cursos nuevos
# Total = 216 estudiantes
# ------------------------------------------------------------

# INSTANCIA DE REASIGNACION DE ESTUDIANTES
# Este archivo contiene los datos de entrada de la instancia. La solucion se guarda aparte.

[INSTANCIA]
nombre=c_n_36_l_5_s_6_i_0
semilla=50749
N=216
C=6
L=36
P=5

[CURSOS_NUEVOS]
curso;capacidad
1;36
2;36
3;36
4;36
5;36
6;36

[BALANCE_GENERO]
grupos=F,M
diferencia_maxima=1

[CURSOS_ORIGEN]
cursos_origen=O1,O2,O3,O4,O5,O6
minimo_O1=5
minimo_O2=5
minimo_O3=5
minimo_O4=5
minimo_O5=5
minimo_O6=5

[CRITERIOS_BALANCE]
criterios=academico,socioemocional,convivencia
niveles=1,2,3

[ESTUDIANTES]
estudiante;curso_origen;genero;academico;socioemocional;convivencia
1;O1;M;2;1;1
2;O1;F;3;1;1
3;O1;F;2;2;1
4;O1;M;2;1;3
5;O1;F;2;2;3
6;O1;M;2;3;3
7;O1;M;1;2;1
8;O1;F;2;2;2
9;O1;M;1;3;2
10;O1;M;1;3;3
11;O1;M;2;3;1
12;O1;F;1;2;3
13;O1;M;3;3;3
14;O1;M;3;1;3
15;O1;F;2;3;1
16;O1;M;1;3;1
17;O1;M;2;1;2
18;O1;F;1;1;1
19;O1;M;2;1;1
20;O1;F;1;1;2
21;O1;F;2;2;3
22;O1;M;3;1;3
23;O1;F;3;2;1
24;O1;F;1;1;2
25;O1;M;1;1;2
26;O1;F;1;2;2
27;O1;M;3;3;1
28;O1;M;3;3;2
29;O1;F;2;2;2
30;O1;M;1;2;3
31;O1;F;1;1;2
32;O1;M;1;3;1
33;O1;F;3;2;1
34;O1;F;2;1;1
35;O1;F;1;1;3
36;O1;F;2;1;2
37;O2;M;2;3;3
38;O2;M;2;3;3
39;O2;M;2;1;1
40;O2;M;3;3;1
41;O2;M;2;2;2
42;O2;F;2;3;1
43;O2;F;3;1;3
44;O2;F;1;2;1
45;O2;M;3;2;1
46;O2;M;3;1;3
47;O2;F;2;2;2
48;O2;M;3;1;3
49;O2;F;3;3;3
50;O2;M;1;3;1
51;O2;F;1;2;3
52;O2;M;3;1;1
53;O2;F;1;3;1
54;O2;F;3;2;2
55;O2;F;3;2;3
56;O2;F;1;3;2
57;O2;F;3;1;2
58;O2;F;1;2;1
59;O2;F;3;3;1
60;O2;F;3;1;1
61;O2;M;2;1;3
62;O2;M;1;1;3
63;O2;F;2;2;3
64;O2;M;1;2;2
65;O2;F;3;3;2
66;O2;M;1;1;2
67;O2;F;1;3;3
68;O2;F;1;1;2
69;O2;M;3;3;1
70;O2;M;2;3;3
71;O2;M;3;1;1
72;O2;M;3;1;1
73;O3;M;3;1;3
74;O3;F;3;3;3
75;O3;F;3;3;2
76;O3;F;1;1;1
77;O3;F;1;1;1
78;O3;F;2;3;2
79;O3;M;2;1;1
80;O3;F;2;1;2
81;O3;F;2;3;2
82;O3;F;3;3;1
83;O3;M;3;2;1
84;O3;F;3;1;1
85;O3;M;2;1;3
86;O3;F;3;2;1
87;O3;F;3;2;2
88;O3;M;2;3;3
89;O3;M;2;2;3
90;O3;M;3;3;3
91;O3;M;2;3;1
92;O3;M;1;2;2
93;O3;M;2;1;2
94;O3;F;3;3;2
95;O3;F;1;2;3
96;O3;F;2;3;1
97;O3;F;2;1;3
98;O3;M;3;1;2
99;O3;M;3;1;1
100;O3;M;2;2;1
101;O3;M;2;3;1
102;O3;F;3;3;3
103;O3;F;2;1;3
104;O3;M;1;3;3
105;O3;M;3;2;2
106;O3;M;2;3;2
107;O3;F;1;1;3
108;O3;M;1;1;2
109;O4;F;2;3;2
110;O4;M;1;1;1
111;O4;M;1;3;2
112;O4;F;2;3;3
113;O4;M;1;1;1
114;O4;M;2;2;3
115;O4;F;2;3;2
116;O4;F;2;2;1
117;O4;F;3;1;3
118;O4;M;2;3;3
119;O4;M;2;3;2
120;O4;F;3;3;1
121;O4;F;2;1;2
122;O4;M;2;2;2
123;O4;F;1;3;2
124;O4;M;3;1;3
125;O4;F;3;3;2
126;O4;M;1;1;3
127;O4;F;3;1;3
128;O4;F;3;3;1
129;O4;F;2;3;1
130;O4;M;3;1;3
131;O4;M;1;1;1
132;O4;F;3;3;1
133;O4;M;3;3;2
134;O4;F;1;2;1
135;O4;F;2;1;2
136;O4;M;3;1;1
137;O4;F;1;1;1
138;O4;M;1;1;1
139;O4;M;2;1;3
140;O4;M;2;3;2
141;O4;M;2;1;1
142;O4;F;3;3;2
143;O4;F;1;2;3
144;O4;M;1;2;2
145;O5;F;3;1;3
146;O5;F;2;3;2
147;O5;F;1;2;1
148;O5;F;3;3;1
149;O5;M;2;3;2
150;O5;M;3;1;3
151;O5;M;3;3;1
152;O5;F;3;1;1
153;O5;M;1;1;1
154;O5;M;1;3;1
155;O5;M;1;1;3
156;O5;M;3;1;1
157;O5;F;2;3;3
158;O5;F;3;2;1
159;O5;F;3;3;2
160;O5;F;3;1;2
161;O5;F;1;3;1
162;O5;F;1;2;3
163;O5;F;1;1;3
164;O5;M;3;2;2
165;O5;F;1;3;2
166;O5;F;1;2;1
167;O5;M;1;3;2
168;O5;F;2;3;3
169;O5;M;1;2;2
170;O5;M;1;1;1
171;O5;F;2;1;3
172;O5;M;3;1;1
173;O5;M;3;1;2
174;O5;M;2;3;1
175;O5;F;1;1;2
176;O5;F;2;3;3
177;O5;M;3;3;2
178;O5;M;3;3;3
179;O5;M;1;3;1
180;O5;M;2;3;1
181;O6;F;2;3;2
182;O6;M;2;1;3
183;O6;F;2;3;2
184;O6;F;3;1;1
185;O6;M;2;3;3
186;O6;M;1;2;3
187;O6;M;2;2;2
188;O6;F;3;2;1
189;O6;M;1;3;3
190;O6;F;2;2;3
191;O6;F;1;2;2
192;O6;F;2;1;1
193;O6;M;2;3;1
194;O6;M;2;2;2
195;O6;M;1;3;3
196;O6;M;3;3;1
197;O6;M;1;1;2
198;O6;F;2;2;1
199;O6;F;3;1;3
200;O6;M;3;3;2
201;O6;M;2;2;3
202;O6;M;3;2;2
203;O6;F;3;1;3
204;O6;F;1;2;2
205;O6;M;1;1;2
206;O6;M;2;1;3
207;O6;F;3;1;1
208;O6;M;3;2;1
209;O6;M;1;1;2
210;O6;F;2;1;1
211;O6;F;1;2;2
212;O6;F;2;3;1
213;O6;F;1;1;1
214;O6;M;2;3;2
215;O6;F;1;3;3
216;O6;F;2;3;1

[PREFERENCIAS]
# En esta familia P=5, por lo que cada estudiante tiene 5 preferencias
estudiante;preferencia_1;preferencia_2;preferencia_3;preferencia_4;preferencia_5
1;34;213;65;170;88
2;179;65;21;37;115
3;8;81;77;174;203
4;123;105;194;45;74
5;86;202;48;12;195
6;212;125;54;166;184
7;61;42;133;56;25
8;5;12;67;124;23
9;113;207;11;8;160
10;88;15;188;155;12
11;163;197;198;19;44
12;72;60;191;74;168
13;113;106;100;161;204
14;33;146;141;131;37
15;101;24;192;16;173
16;196;113;14;99;185
17;87;50;178;169;185
18;126;23;115;154;54
19;112;161;31;179;215
20;3;174;85;49;82
21;75;150;55;123;188
22;57;36;52;122;205
23;186;13;36;42;213
24;193;164;51;35;118
25;200;127;37;59;88
26;210;136;93;108;61
27;60;182;13;55;90
28;88;103;210;72;77
29;37;142;194;203;177
30;55;100;159;117;39
31;59;40;113;25;6
32;11;114;121;141;192
33;152;165;26;131;198
34;45;90;163;179;30
35;66;30;198;88;197
36;47;113;201;193;198
37;30;83;157;159;61
38;178;196;138;9;203
39;17;81;197;141;102
40;51;191;147;70;48
41;129;124;101;69;14
42;94;139;194;178;203
43;53;173;141;33;137
44;2;107;40;18;38
45;27;139;209;160;192
46;187;188;139;113;53
47;107;133;79;89;147
48;99;200;125;56;79
49;143;155;13;33;47
50;206;61;192;59;142
51;87;49;179;15;175
52;4;82;41;23;16
53;147;92;105;18;197
54;63;207;180;130;85
55;19;31;200;184;50
56;69;91;157;60;32
57;160;159;21;97;22
58;61;88;22;111;55
59;161;172;156;138;5
60;97;119;66;128;65
61;170;14;209;185;171
62;125;137;29;54;36
63;105;185;168;62;104
64;120;53;186;161;73
65;127;97;34;133;95
66;149;79;52;1;57
67;94;145;118;201;93
68;200;124;23;216;38
69;135;93;48;190;46
70;31;191;9;106;152
71;206;167;75;214;179
72;164;175;127;76;115
73;192;16;109;57;65
74;117;174;51;6;173
75;116;180;23;97;139
76;119;145;22;186;110
77;188;19;194;4;105
78;18;5;188;73;45
79;201;132;124;104;102
80;194;205;8;20;184
81;165;205;101;66;38
82;167;95;177;25;111
83;121;195;104;99;205
84;7;73;143;28;24
85;138;31;184;140;125
86;158;180;187;171;196
87;19;77;108;52;89
88;36;126;178;174;61
89;100;151;126;139;214
90;15;166;158;82;5
91;112;85;81;56;15
92;128;195;177;135;136
93;103;188;172;68;198
94;178;134;34;81;170
95;139;78;21;212;195
96;15;120;138;35;197
97;95;170;199;123;4
98;210;37;212;107;189
99;201;36;64;16;83
100;191;64;118;86;200
101;138;133;156;147;48
102;94;13;52;33;67
103;42;212;168;2;57
104;78;142;46;159;166
105;60;172;130;192;128
106;87;46;105;183;204
107;3;88;177;119;214
108;25;111;71;88;58
109;97;89;199;182;191
110;205;46;115;193;174
111;104;186;106;158;209
112;110;205;211;105;149
113;4;38;143;201;100
114;138;211;101;68;9
115;178;194;5;141;24
116;95;9;56;49;69
117;19;175;147;136;150
118;134;144;13;46;74
119;170;38;31;158;80
120;179;119;4;91;115
121;137;108;4;203;196
122;22;84;88;7;110
123;146;167;186;143;165
124;5;168;116;107;3
125;39;45;42;215;65
126;174;12;7;169;183
127;207;76;150;62;10
128;211;14;47;183;110
129;11;87;148;58;170
130;196;123;46;145;1
131;11;174;65;161;124
132;102;64;24;176;22
133;53;35;215;83;135
134;34;32;31;38;119
135;13;65;63;133;40
136;100;135;52;47;104
137;44;170;108;110;166
138;204;154;105;139;196
139;188;24;70;102;1
140;3;64;61;213;124
141;190;100;71;215;214
142;133;53;146;2;40
143;59;25;130;39;188
144;25;130;91;4;89
145;211;169;127;47;128
146;5;42;52;172;127
147;79;63;45;118;80
148;46;103;188;204;22
149;132;63;27;184;153
150;189;47;29;148;176
151;54;15;85;147;194
152;208;52;141;61;193
153;201;63;141;118;139
154;135;89;98;117;42
155;129;164;206;45;198
156;136;16;212;37;124
157;162;3;208;80;164
158;128;210;164;19;7
159;190;211;111;96;82
160;158;176;128;198;199
161;188;36;49;183;140
162;213;100;205;207;177
163;65;184;194;70;195
164;211;41;181;145;9
165;5;56;39;52;133
166;121;214;48;65;9
167;137;149;111;105;115
168;210;1;85;125;136
169;22;6;60;20;110
170;140;24;177;41;55
171;178;137;28;187;100
172;139;48;202;196;40
173;10;114;181;180;80
174;154;145;176;87;166
175;178;17;71;87;94
176;193;96;73;162;27
177;117;96;216;162;159
178;77;51;184;76;190
179;210;216;31;197;138
180;209;50;174;165;130
181;69;62;47;52;124
182;72;190;211;61;59
183;130;133;31;84;79
184;129;123;111;71;20
185;56;95;161;13;31
186;101;205;2;143;103
187;216;108;169;135;14
188;108;73;52;75;118
189;125;142;42;43;19
190;134;132;21;39;140
191;125;111;120;92;30
192;211;87;96;169;167
193;147;171;101;169;68
194;64;22;94;78;12
195;6;1;28;177;173
196;192;127;1;76;106
197;12;109;185;31;130
198;162;62;157;170;98
199;89;158;95;113;112
200;115;59;47;11;64
201;69;96;45;55;215
202;173;110;120;19;60
203;88;122;87;202;193
204;120;78;159;136;173
205;150;166;61;155;199
206;179;215;58;62;177
207;90;167;129;63;109
208;200;32;197;70;191
209;145;161;200;20;74
210;107;121;131;28;92
211;143;53;213;66;6
212;154;192;161;165;74
213;36;166;99;144;101
214;139;190;134;107;141
215;204;189;162;37;44
216;153;204;135;107;203

[SEPARACIONES]
estudiante_i;estudiante_j
1;196
4;106
5;18
5;175
6;134
11;43
11;171
17;158
18;77
18;174
20;73
21;81
23;158
25;84
31;88
31;90
31;157
34;182
34;196
39;191
42;111
42;196
47;64
48;161
49;135
53;61
53;169
62;156
65;172
66;173
67;92
68;91
73;180
79;122
85;159
89;142
94;167
96;113
97;114
104;164
105;186
108;131
111;135
116;175
120;165
128;164
134;157
137;207
140;173
153;174
169;181
172;174
186;216
190;198

[NOTAS]
generacion=aleatoria_controlada
preferencias_por_estudiante=P_fijo
genero=balanceado_dentro_de_cada_curso_de_origen
criterios_perfil=sorteados_de_forma_independiente
separaciones=aprox_N_div_4
estado=instancia_de_experimento
pesos_funcion_objetivo=no_incluidos_en_la_instancia
factibilidad=se_uso_una_asignacion_testigo_solo_para_generar_la_instancia
