# ------------------------------------------------------------
# Instancia sintetica para pruebas del modelo exacto
# L = 27 estudiantes por curso
# P = 7 preferencias por estudiante
# C = 3 cursos nuevos
# Total = 81 estudiantes
# ------------------------------------------------------------

# INSTANCIA DE REASIGNACION DE ESTUDIANTES
# Este archivo contiene los datos de entrada de la instancia. La solucion se guarda aparte.

[INSTANCIA]
nombre=c_n_27_l_7_s_3_i_6
semilla=70475
N=81
C=3
L=27
P=7

[CURSOS_NUEVOS]
curso;capacidad
1;27
2;27
3;27

[BALANCE_GENERO]
grupos=F,M
diferencia_maxima=1

[CURSOS_ORIGEN]
cursos_origen=O1,O2,O3
minimo_O1=8
minimo_O2=8
minimo_O3=8

[CRITERIOS_BALANCE]
criterios=academico,socioemocional,convivencia
niveles=1,2,3

[ESTUDIANTES]
estudiante;curso_origen;genero;academico;socioemocional;convivencia
1;O1;F;3;2;2
2;O1;F;1;3;1
3;O1;F;2;2;3
4;O1;M;2;1;2
5;O1;F;2;3;3
6;O1;F;1;2;2
7;O1;F;2;3;3
8;O1;F;1;1;3
9;O1;M;3;1;3
10;O1;F;2;3;2
11;O1;M;2;1;1
12;O1;M;3;3;2
13;O1;F;1;1;3
14;O1;F;2;2;3
15;O1;M;2;1;1
16;O1;M;1;2;1
17;O1;M;3;1;3
18;O1;M;1;1;2
19;O1;F;1;1;1
20;O1;M;2;2;2
21;O1;F;1;3;2
22;O1;M;2;3;1
23;O1;M;2;1;3
24;O1;M;3;1;2
25;O1;M;2;2;3
26;O1;F;1;1;1
27;O1;M;1;1;3
28;O2;M;2;1;1
29;O2;M;3;1;1
30;O2;M;2;2;2
31;O2;F;1;3;2
32;O2;M;1;3;2
33;O2;F;2;2;3
34;O2;F;1;2;1
35;O2;M;1;3;1
36;O2;F;1;1;3
37;O2;F;2;1;3
38;O2;F;3;3;1
39;O2;M;3;1;3
40;O2;F;3;3;3
41;O2;M;2;2;3
42;O2;F;1;1;2
43;O2;F;2;2;1
44;O2;M;1;2;3
45;O2;M;1;3;3
46;O2;M;2;2;3
47;O2;F;1;2;1
48;O2;F;3;3;3
49;O2;M;1;3;3
50;O2;M;2;2;1
51;O2;F;1;1;3
52;O2;M;3;1;2
53;O2;M;2;3;1
54;O2;F;1;3;1
55;O3;F;1;2;1
56;O3;M;3;2;3
57;O3;M;1;3;3
58;O3;M;1;3;2
59;O3;F;3;2;1
60;O3;M;3;3;2
61;O3;M;1;1;1
62;O3;M;3;1;1
63;O3;M;1;2;3
64;O3;F;2;1;1
65;O3;M;2;1;2
66;O3;F;1;1;2
67;O3;M;3;2;1
68;O3;F;3;2;3
69;O3;F;1;3;1
70;O3;M;2;2;2
71;O3;F;2;1;2
72;O3;F;3;1;2
73;O3;F;1;1;3
74;O3;M;1;3;1
75;O3;M;2;3;1
76;O3;F;2;1;2
77;O3;F;2;2;1
78;O3;F;1;1;1
79;O3;F;2;2;2
80;O3;M;2;3;3
81;O3;M;3;3;1

[PREFERENCIAS]
# En esta familia P=7, por lo que cada estudiante tiene 7 preferencias
estudiante;preferencia_1;preferencia_2;preferencia_3;preferencia_4;preferencia_5;preferencia_6;preferencia_7
1;13;21;2;59;49;16;51
2;57;19;69;33;13;46;45
3;52;8;77;68;32;46;62
4;46;30;36;59;24;52;56
5;14;31;54;68;51;48;65
6;43;78;61;23;57;68;75
7;20;55;28;9;31;24;53
8;80;20;36;63;50;43;40
9;18;25;23;55;15;53;16
10;40;13;70;36;45;64;57
11;39;66;68;17;40;9;30
12;26;13;70;65;54;5;63
13;26;62;10;49;31;74;66
14;59;43;56;34;61;15;53
15;75;34;19;25;62;32;51
16;30;48;54;35;76;68;36
17;44;43;76;47;34;21;65
18;53;63;55;75;80;12;52
19;71;57;76;69;28;47;9
20;33;21;55;67;59;79;74
21;73;76;47;13;12;3;63
22;68;25;1;10;36;2;27
23;74;75;77;24;34;42;61
24;3;51;53;27;31;74;52
25;22;57;71;68;77;11;74
26;56;25;36;62;43;75;80
27;50;52;12;72;19;69;36
28;44;50;13;35;8;53;54
29;13;40;35;18;53;38;42
30;81;16;5;47;15;65;67
31;38;28;29;7;70;67;30
32;55;20;22;49;64;71;11
33;48;16;80;76;50;73;5
34;12;7;36;75;58;31;22
35;75;65;11;68;19;28;23
36;49;69;74;11;58;26;6
37;58;6;51;8;23;32;63
38;17;2;79;16;39;27;22
39;80;79;48;44;40;77;26
40;60;25;62;74;39;70;35
41;13;78;52;22;67;9;64
42;24;61;46;54;51;48;10
43;57;64;60;7;17;11;2
44;46;40;62;4;59;19;1
45;14;21;69;17;80;79;6
46;13;9;73;60;61;68;74
47;27;9;54;68;19;4;62
48;36;28;77;64;70;19;6
49;41;58;29;76;40;34;15
50;33;39;48;70;78;35;67
51;70;49;16;54;57;46;36
52;76;69;50;16;62;21;1
53;51;42;11;8;17;48;61
54;31;51;24;71;63;61;76
55;53;20;21;18;14;77;41
56;34;47;10;17;15;26;13
57;28;18;72;52;37;1;54
58;24;25;6;7;8;23;3
59;2;49;37;75;81;54;66
60;21;1;42;10;62;40;44
61;74;7;17;77;32;78;24
62;55;5;66;42;10;8;60
63;30;44;59;19;32;70;71
64;44;80;27;67;71;14;5
65;64;71;48;58;32;33;23
66;32;40;7;28;4;41;19
67;54;59;24;58;11;10;27
68;9;64;7;25;38;53;2
69;55;31;9;24;38;70;36
70;14;16;64;41;24;10;11
71;13;62;74;31;38;43;2
72;39;55;74;51;36;60;65
73;37;23;2;14;17;49;24
74;11;43;58;67;47;51;10
75;27;48;19;62;64;30;50
76;51;29;14;41;12;52;28
77;7;25;19;6;17;53;61
78;64;32;30;63;45;52;19
79;10;80;13;40;41;3;34
80;26;36;29;61;45;67;14
81;66;28;41;19;46;60;31

[SEPARACIONES]
estudiante_i;estudiante_j
7;33
7;68
11;63
13;54
16;76
17;36
17;54
19;55
21;62
21;81
23;68
29;33
29;48
29;63
31;79
31;80
32;64
38;74
41;70
45;77

[NOTAS]
generacion=aleatoria_controlada
preferencias_por_estudiante=P_fijo
genero=balanceado_dentro_de_cada_curso_de_origen
criterios_perfil=sorteados_de_forma_independiente
separaciones=aprox_N_div_4
estado=instancia_de_experimento
pesos_funcion_objetivo=no_incluidos_en_la_instancia
factibilidad=se_uso_una_asignacion_testigo_solo_para_generar_la_instancia
