# ------------------------------------------------------------
# Instancia sintetica para pruebas del modelo exacto
# L = 27 estudiantes por curso
# P = 7 preferencias por estudiante
# C = 3 cursos nuevos
# Total = 81 estudiantes
# ------------------------------------------------------------

# INSTANCIA DE REASIGNACION DE ESTUDIANTES
# Este archivo contiene los datos de entrada de la instancia. La solucion se guarda aparte.

[INSTANCIA]
nombre=c_n_27_l_7_s_3_i_5
semilla=70468
N=81
C=3
L=27
P=7

[CURSOS_NUEVOS]
curso;capacidad
1;27
2;27
3;27

[BALANCE_GENERO]
grupos=F,M
diferencia_maxima=1

[CURSOS_ORIGEN]
cursos_origen=O1,O2,O3
minimo_O1=8
minimo_O2=8
minimo_O3=8

[CRITERIOS_BALANCE]
criterios=academico,socioemocional,convivencia
niveles=1,2,3

[ESTUDIANTES]
estudiante;curso_origen;genero;academico;socioemocional;convivencia
1;O1;F;3;1;3
2;O1;F;2;3;3
3;O1;F;2;3;3
4;O1;F;3;2;2
5;O1;M;1;1;1
6;O1;M;1;3;3
7;O1;F;1;2;1
8;O1;F;3;1;1
9;O1;M;3;2;2
10;O1;F;2;2;2
11;O1;F;3;2;1
12;O1;M;3;1;3
13;O1;M;2;3;2
14;O1;M;2;2;3
15;O1;M;3;3;2
16;O1;M;3;2;1
17;O1;M;1;1;1
18;O1;M;3;2;2
19;O1;F;1;3;2
20;O1;M;2;1;3
21;O1;M;1;3;1
22;O1;F;1;3;2
23;O1;M;1;2;1
24;O1;F;2;2;2
25;O1;M;2;1;1
26;O1;F;3;2;1
27;O1;F;2;1;2
28;O2;M;1;2;1
29;O2;F;1;2;2
30;O2;M;2;2;2
31;O2;F;3;1;2
32;O2;M;1;3;3
33;O2;F;2;2;2
34;O2;F;2;2;2
35;O2;M;3;2;2
36;O2;F;2;2;2
37;O2;F;2;1;3
38;O2;M;1;1;2
39;O2;F;3;3;1
40;O2;F;1;3;3
41;O2;M;1;1;1
42;O2;M;2;2;2
43;O2;M;1;3;3
44;O2;M;3;1;1
45;O2;M;2;1;1
46;O2;M;3;3;3
47;O2;M;1;3;2
48;O2;F;1;2;3
49;O2;F;1;2;1
50;O2;M;3;2;3
51;O2;F;2;1;3
52;O2;F;3;2;2
53;O2;M;3;1;1
54;O2;F;3;3;1
55;O3;M;3;3;1
56;O3;F;3;2;2
57;O3;F;1;2;2
58;O3;M;3;1;1
59;O3;M;2;3;2
60;O3;M;1;2;1
61;O3;M;3;2;2
62;O3;M;3;3;3
63;O3;M;2;1;2
64;O3;F;2;1;1
65;O3;F;3;2;2
66;O3;M;2;1;1
67;O3;M;1;2;2
68;O3;F;3;2;3
69;O3;F;3;3;3
70;O3;F;3;3;1
71;O3;F;3;3;2
72;O3;F;1;2;3
73;O3;M;2;3;2
74;O3;F;2;3;2
75;O3;F;3;1;3
76;O3;M;1;2;2
77;O3;M;1;2;3
78;O3;M;2;2;1
79;O3;F;1;2;2
80;O3;F;1;2;3
81;O3;M;2;2;3

[PREFERENCIAS]
# En esta familia P=7, por lo que cada estudiante tiene 7 preferencias
estudiante;preferencia_1;preferencia_2;preferencia_3;preferencia_4;preferencia_5;preferencia_6;preferencia_7
1;42;2;37;13;76;68;60
2;45;68;8;73;17;47;12
3;16;10;14;68;40;7;34
4;80;46;15;31;28;59;51
5;12;50;75;80;64;45;59
6;70;74;68;73;24;8;75
7;52;44;26;64;54;12;46
8;4;64;60;12;28;13;30
9;4;47;73;35;16;13;61
10;36;75;37;34;27;43;39
11;32;81;17;61;60;36;20
12;16;14;2;66;28;7;78
13;81;17;35;59;62;47;72
14;52;77;55;18;21;51;64
15;31;36;69;7;73;55;23
16;46;45;30;2;9;36;71
17;55;12;75;9;33;66;61
18;49;66;58;6;10;12;42
19;65;69;58;2;77;8;41
20;28;45;60;22;35;33;81
21;10;17;43;24;33;63;66
22;6;46;68;24;14;29;38
23;46;33;27;10;4;30;5
24;72;62;70;22;52;33;11
25;11;6;58;33;36;50;22
26;38;43;29;46;16;47;44
27;35;30;78;31;46;21;57
28;48;66;47;74;7;16;40
29;81;66;27;78;50;48;21
30;20;52;36;31;12;54;22
31;72;67;81;70;3;16;9
32;53;34;30;60;42;80;57
33;77;57;23;78;50;58;75
34;11;2;28;35;17;18;45
35;50;10;55;73;11;61;67
36;65;21;28;29;50;12;34
37;12;38;45;67;64;2;43
38;20;79;4;60;81;73;15
39;59;60;81;28;18;11;58
40;34;2;31;50;52;20;24
41;15;63;48;11;72;23;24
42;25;71;50;15;19;69;8
43;48;40;15;73;14;49;16
44;20;39;75;48;78;71;40
45;77;54;32;15;16;25;13
46;60;77;51;22;42;6;67
47;69;53;32;11;44;41;74
48;73;34;80;5;2;63;33
49;31;26;18;21;80;44;39
50;55;73;81;31;65;9;13
51;21;67;64;76;80;52;6
52;23;62;41;63;10;44;75
53;29;17;65;66;64;72;56
54;9;41;17;39;21;11;38
55;17;71;16;12;79;14;10
56;6;62;26;32;49;65;73
57;38;28;60;61;9;67;19
58;19;57;2;33;70;16;40
59;28;79;69;43;1;31;68
60;59;17;74;22;42;6;30
61;32;34;6;76;52;10;36
62;9;52;38;11;66;64;77
63;74;50;40;71;3;41;19
64;71;59;47;40;55;58;23
65;53;49;44;5;71;41;43
66;18;65;25;41;15;55;26
67;75;69;62;60;22;18;34
68;76;75;26;1;60;80;6
69;40;50;46;80;5;58;76
70;54;55;39;49;69;20;47
71;46;76;81;44;41;43;20
72;77;57;45;50;59;22;13
73;69;27;10;8;58;2;14
74;61;64;33;70;12;44;29
75;37;10;35;3;2;46;7
76;57;18;52;11;12;64;35
77;25;70;47;35;73;66;26
78;65;45;14;44;36;70;32
79;24;59;3;67;20;41;6
80;48;36;77;74;7;66;57
81;56;53;44;54;48;51;77

[SEPARACIONES]
estudiante_i;estudiante_j
6;22
6;29
9;45
13;63
14;25
14;56
15;73
17;33
22;37
23;38
25;60
29;47
36;69
37;67
38;42
47;48
56;80
61;67
63;69
66;68

[NOTAS]
generacion=aleatoria_controlada
preferencias_por_estudiante=P_fijo
genero=balanceado_dentro_de_cada_curso_de_origen
criterios_perfil=sorteados_de_forma_independiente
separaciones=aprox_N_div_4
estado=instancia_de_experimento
pesos_funcion_objetivo=no_incluidos_en_la_instancia
factibilidad=se_uso_una_asignacion_testigo_solo_para_generar_la_instancia
