# ------------------------------------------------------------
# Instancia sintetica para pruebas del modelo exacto
# L = 18 estudiantes por curso
# P = 7 preferencias por estudiante
# C = 4 cursos nuevos
# Total = 72 estudiantes
# ------------------------------------------------------------

# INSTANCIA DE REASIGNACION DE ESTUDIANTES
# Este archivo contiene los datos de entrada de la instancia. La solucion se guarda aparte.

[INSTANCIA]
nombre=c_n_18_l_7_s_4_i_9
semilla=70570
N=72
C=4
L=18
P=7

[CURSOS_NUEVOS]
curso;capacidad
1;18
2;18
3;18
4;18

[BALANCE_GENERO]
grupos=F,M
diferencia_maxima=1

[CURSOS_ORIGEN]
cursos_origen=O1,O2,O3,O4
minimo_O1=3
minimo_O2=3
minimo_O3=3
minimo_O4=3

[CRITERIOS_BALANCE]
criterios=academico,socioemocional,convivencia
niveles=1,2,3

[ESTUDIANTES]
estudiante;curso_origen;genero;academico;socioemocional;convivencia
1;O1;F;3;3;3
2;O1;F;2;2;3
3;O1;M;2;3;3
4;O1;F;2;2;2
5;O1;M;2;3;2
6;O1;M;1;3;3
7;O1;M;2;2;3
8;O1;M;2;1;1
9;O1;M;2;2;2
10;O1;M;3;1;3
11;O1;M;3;3;3
12;O1;F;2;2;2
13;O1;M;1;2;1
14;O1;F;2;1;1
15;O1;F;3;2;3
16;O1;F;3;1;1
17;O1;F;2;1;1
18;O1;F;3;3;3
19;O2;F;2;1;2
20;O2;F;1;1;2
21;O2;M;3;3;1
22;O2;M;1;3;1
23;O2;F;2;1;3
24;O2;F;2;2;3
25;O2;M;2;1;1
26;O2;F;1;2;2
27;O2;M;1;3;2
28;O2;M;1;1;2
29;O2;F;3;1;2
30;O2;F;3;1;3
31;O2;F;3;3;3
32;O2;M;1;3;1
33;O2;M;1;1;1
34;O2;M;3;3;2
35;O2;F;3;3;3
36;O2;M;2;2;2
37;O3;F;2;1;1
38;O3;M;1;3;1
39;O3;F;2;3;3
40;O3;M;2;2;3
41;O3;F;1;3;2
42;O3;F;1;1;1
43;O3;F;2;2;2
44;O3;M;2;1;2
45;O3;F;3;1;3
46;O3;M;3;1;3
47;O3;F;3;1;1
48;O3;M;3;1;1
49;O3;M;2;3;2
50;O3;M;2;1;1
51;O3;M;1;2;2
52;O3;F;2;1;1
53;O3;M;1;1;2
54;O3;F;1;3;2
55;O4;M;3;2;3
56;O4;M;3;2;1
57;O4;F;1;3;1
58;O4;F;1;1;1
59;O4;F;1;2;2
60;O4;M;2;1;3
61;O4;M;2;3;1
62;O4;F;3;1;1
63;O4;F;2;3;2
64;O4;M;2;1;3
65;O4;F;3;3;1
66;O4;M;3;3;1
67;O4;F;2;1;2
68;O4;M;1;1;1
69;O4;M;3;3;2
70;O4;M;1;2;3
71;O4;F;2;2;2
72;O4;F;3;2;2

[PREFERENCIAS]
# En esta familia P=7, por lo que cada estudiante tiene 7 preferencias
estudiante;preferencia_1;preferencia_2;preferencia_3;preferencia_4;preferencia_5;preferencia_6;preferencia_7
1;19;54;60;55;47;43;38
2;51;60;61;45;54;6;67
3;34;15;52;65;35;13;11
4;1;9;23;30;10;11;51
5;17;8;7;51;18;53;41
6;23;19;12;56;39;4;9
7;72;47;6;42;43;50;63
8;24;12;1;10;51;7;54
9;48;20;31;64;65;32;44
10;11;67;8;20;6;2;3
11;63;36;68;29;37;13;12
12;25;57;37;48;11;68;58
13;25;8;23;12;30;2;42
14;26;40;12;61;62;16;15
15;30;66;69;4;37;23;65
16;65;34;38;41;13;23;5
17;60;57;37;26;5;58;63
18;61;55;35;11;49;46;30
19;70;52;50;27;58;59;8
20;40;44;70;15;45;17;57
21;43;61;34;54;56;2;24
22;64;60;48;25;15;38;71
23;33;41;4;63;18;1;24
24;56;21;60;10;40;62;31
25;50;12;55;45;59;60;54
26;19;32;70;72;24;8;63
27;71;56;68;14;5;10;26
28;69;50;25;4;7;36;26
29;1;71;55;31;48;4;24
30;63;54;5;35;67;27;43
31;58;32;41;49;10;68;2
32;11;66;21;60;69;23;25
33;62;57;34;69;60;8;56
34;44;56;69;19;35;55;4
35;4;47;48;12;65;20;3
36;69;31;37;34;52;20;62
37;57;9;49;54;20;27;42
38;28;4;15;19;17;40;68
39;60;16;20;69;17;53;67
40;12;33;34;18;56;19;30
41;32;69;59;13;46;34;16
42;26;10;5;27;46;56;1
43;28;68;8;4;63;34;65
44;56;43;7;29;33;35;61
45;55;13;43;42;46;6;29
46;25;7;62;56;39;65;27
47;60;36;23;25;19;21;35
48;18;19;43;46;35;49;56
49;55;65;25;69;64;34;38
50;51;64;48;6;52;40;19
51;22;20;17;39;31;38;55
52;43;46;35;10;5;42;70
53;48;68;23;19;32;52;31
54;72;53;18;64;48;23;34
55;3;2;22;60;51;40;65
56;50;70;31;27;16;53;10
57;10;17;35;25;6;49;59
58;45;13;50;51;64;72;24
59;51;46;25;31;4;15;10
60;24;25;72;45;11;68;28
61;30;69;43;44;37;28;36
62;32;16;70;52;44;37;69
63;34;38;41;20;14;43;64
64;47;72;1;9;25;43;21
65;15;42;18;51;36;62;41
66;21;63;57;8;23;1;55
67;11;39;41;14;18;63;49
68;35;58;70;14;48;52;11
69;66;8;12;3;32;43;39
70;35;10;42;17;63;48;56
71;59;7;44;52;15;4;67
72;54;29;39;69;64;44;10

[SEPARACIONES]
estudiante_i;estudiante_j
1;4
4;13
7;71
8;20
8;50
10;32
13;72
14;40
19;26
22;23
26;29
27;53
36;40
38;57
44;62
52;61
62;65
66;69

[NOTAS]
generacion=aleatoria_controlada
preferencias_por_estudiante=P_fijo
genero=balanceado_dentro_de_cada_curso_de_origen
criterios_perfil=sorteados_de_forma_independiente
separaciones=aprox_N_div_4
estado=instancia_de_experimento
pesos_funcion_objetivo=no_incluidos_en_la_instancia
factibilidad=se_uso_una_asignacion_testigo_solo_para_generar_la_instancia
