# ------------------------------------------------------------
# Instancia sintetica para pruebas del modelo exacto
# L = 27 estudiantes por curso
# P = 7 preferencias por estudiante
# C = 3 cursos nuevos
# Total = 81 estudiantes
# ------------------------------------------------------------

# INSTANCIA DE REASIGNACION DE ESTUDIANTES
# Este archivo contiene los datos de entrada de la instancia. La solucion se guarda aparte.

[INSTANCIA]
nombre=c_n_27_l_7_s_3_i_4
semilla=70461
N=81
C=3
L=27
P=7

[CURSOS_NUEVOS]
curso;capacidad
1;27
2;27
3;27

[BALANCE_GENERO]
grupos=F,M
diferencia_maxima=1

[CURSOS_ORIGEN]
cursos_origen=O1,O2,O3
minimo_O1=8
minimo_O2=8
minimo_O3=8

[CRITERIOS_BALANCE]
criterios=academico,socioemocional,convivencia
niveles=1,2,3

[ESTUDIANTES]
estudiante;curso_origen;genero;academico;socioemocional;convivencia
1;O1;F;1;3;1
2;O1;M;1;3;2
3;O1;F;3;3;3
4;O1;F;3;2;2
5;O1;F;1;2;2
6;O1;F;2;2;3
7;O1;M;2;3;3
8;O1;F;1;3;1
9;O1;M;2;3;2
10;O1;M;3;2;3
11;O1;F;3;3;2
12;O1;M;3;3;2
13;O1;F;2;2;3
14;O1;F;3;3;1
15;O1;F;1;3;3
16;O1;F;2;2;2
17;O1;F;3;2;2
18;O1;M;3;1;1
19;O1;F;2;3;3
20;O1;M;2;2;1
21;O1;M;3;1;1
22;O1;M;1;1;1
23;O1;M;2;1;2
24;O1;M;3;1;2
25;O1;M;2;3;2
26;O1;M;3;2;3
27;O1;M;1;2;3
28;O2;M;1;3;3
29;O2;F;1;3;2
30;O2;F;3;2;1
31;O2;M;1;1;3
32;O2;M;2;3;2
33;O2;M;1;1;1
34;O2;M;1;3;3
35;O2;M;2;3;3
36;O2;F;2;2;1
37;O2;M;3;1;3
38;O2;M;1;3;1
39;O2;F;3;1;1
40;O2;M;1;2;3
41;O2;F;2;1;3
42;O2;F;2;1;2
43;O2;F;1;3;2
44;O2;F;1;1;2
45;O2;M;3;2;3
46;O2;M;2;2;2
47;O2;F;3;2;2
48;O2;F;1;1;1
49;O2;M;3;3;3
50;O2;F;2;2;3
51;O2;F;1;2;2
52;O2;F;2;2;1
53;O2;M;1;1;2
54;O2;M;1;1;3
55;O3;M;3;1;1
56;O3;F;1;3;1
57;O3;F;1;3;2
58;O3;M;1;2;1
59;O3;F;3;1;3
60;O3;M;3;3;1
61;O3;F;2;1;1
62;O3;M;1;2;3
63;O3;M;3;2;1
64;O3;F;3;1;2
65;O3;M;2;1;2
66;O3;M;2;3;2
67;O3;F;1;2;3
68;O3;M;2;3;3
69;O3;M;1;1;1
70;O3;M;3;1;3
71;O3;F;1;3;2
72;O3;M;2;2;3
73;O3;F;2;1;3
74;O3;M;1;3;3
75;O3;M;3;1;2
76;O3;F;2;2;3
77;O3;F;2;3;3
78;O3;F;2;1;1
79;O3;F;2;2;3
80;O3;M;1;1;1
81;O3;F;2;2;2

[PREFERENCIAS]
# En esta familia P=7, por lo que cada estudiante tiene 7 preferencias
estudiante;preferencia_1;preferencia_2;preferencia_3;preferencia_4;preferencia_5;preferencia_6;preferencia_7
1;64;15;50;37;36;60;29
2;22;60;26;40;25;15;61
3;33;21;11;49;25;27;57
4;45;32;29;30;40;48;56
5;18;11;38;44;8;78;42
6;43;78;58;56;66;70;65
7;39;46;18;74;37;45;62
8;5;24;70;48;20;7;51
9;56;54;6;38;2;35;37
10;45;7;15;56;62;51;75
11;62;37;56;44;63;73;43
12;36;43;75;72;34;31;1
13;12;80;36;60;51;21;65
14;21;23;11;73;61;77;3
15;34;80;55;44;36;27;59
16;45;32;62;27;56;11;44
17;47;45;44;78;59;68;37
18;17;76;5;40;59;19;80
19;16;54;40;73;9;36;29
20;38;59;14;32;55;11;66
21;25;9;48;49;45;1;13
22;34;70;15;69;59;58;73
23;1;75;68;74;26;56;64
24;64;62;15;23;71;74;80
25;36;11;2;56;29;68;69
26;42;66;27;35;61;60;31
27;74;61;47;10;39;20;75
28;49;58;26;8;59;32;16
29;19;81;59;48;24;8;44
30;50;69;27;42;41;8;81
31;56;60;15;67;58;36;41
32;49;12;29;35;65;20;31
33;10;37;7;29;44;2;75
34;76;8;29;12;79;22;25
35;73;60;65;4;79;1;44
36;28;74;12;11;24;13;33
37;33;13;28;73;43;46;81
38;40;68;24;35;52;79;61
39;37;10;26;61;36;45;48
40;77;66;46;49;4;38;72
41;65;18;66;29;46;11;22
42;8;15;33;79;38;49;14
43;16;55;1;33;8;30;45
44;37;80;38;42;60;58;40
45;42;26;57;79;13;49;59
46;4;51;57;32;72;58;67
47;34;58;32;64;61;9;29
48;15;23;46;31;58;68;45
49;73;21;33;45;15;4;50
50;10;38;80;68;39;27;37
51;53;63;79;49;2;75;71
52;70;5;1;66;44;16;19
53;5;11;4;71;72;59;25
54;52;58;66;27;18;7;38
55;33;27;43;48;18;74;5
56;43;51;38;45;32;55;1
57;23;9;39;81;75;68;1
58;64;75;17;16;57;11;2
59;48;65;74;4;26;78;53
60;39;25;29;55;56;24;34
61;22;29;56;59;27;33;41
62;68;51;11;40;63;31;14
63;58;18;36;13;29;2;54
64;31;41;20;10;13;33;17
65;73;70;59;42;17;46;39
66;79;68;22;55;75;69;56
67;55;47;28;43;65;1;59
68;26;31;60;52;46;20;58
69;68;5;19;1;25;6;14
70;12;43;65;27;21;67;2
71;75;25;50;11;58;80;65
72;76;60;73;12;63;51;33
73;43;59;14;51;16;80;40
74;66;28;12;25;36;16;77
75;9;68;42;39;26;41;19
76;37;59;78;54;26;31;43
77;1;4;61;26;24;65;20
78;4;76;26;16;25;69;8
79;43;48;15;38;71;19;70
80;17;77;5;10;43;22;48
81;2;19;69;61;16;60;65

[SEPARACIONES]
estudiante_i;estudiante_j
2;14
4;15
7;25
10;25
19;54
22;23
23;31
23;58
25;79
27;53
35;52
37;38
37;81
38;81
44;45
45;76
54;75
55;67
55;79
76;78

[NOTAS]
generacion=aleatoria_controlada
preferencias_por_estudiante=P_fijo
genero=balanceado_dentro_de_cada_curso_de_origen
criterios_perfil=sorteados_de_forma_independiente
separaciones=aprox_N_div_4
estado=instancia_de_experimento
pesos_funcion_objetivo=no_incluidos_en_la_instancia
factibilidad=se_uso_una_asignacion_testigo_solo_para_generar_la_instancia
