# ------------------------------------------------------------
# Instancia sintetica para pruebas del modelo exacto
# L = 18 estudiantes por curso
# P = 7 preferencias por estudiante
# C = 4 cursos nuevos
# Total = 72 estudiantes
# ------------------------------------------------------------

# INSTANCIA DE REASIGNACION DE ESTUDIANTES
# Este archivo contiene los datos de entrada de la instancia. La solucion se guarda aparte.

[INSTANCIA]
nombre=c_n_18_l_7_s_4_i_1
semilla=70514
N=72
C=4
L=18
P=7

[CURSOS_NUEVOS]
curso;capacidad
1;18
2;18
3;18
4;18

[BALANCE_GENERO]
grupos=F,M
diferencia_maxima=1

[CURSOS_ORIGEN]
cursos_origen=O1,O2,O3,O4
minimo_O1=3
minimo_O2=3
minimo_O3=3
minimo_O4=3

[CRITERIOS_BALANCE]
criterios=academico,socioemocional,convivencia
niveles=1,2,3

[ESTUDIANTES]
estudiante;curso_origen;genero;academico;socioemocional;convivencia
1;O1;F;2;3;2
2;O1;F;1;2;1
3;O1;M;1;2;3
4;O1;M;3;2;1
5;O1;M;3;1;2
6;O1;F;1;3;3
7;O1;M;2;3;1
8;O1;F;3;1;1
9;O1;M;1;2;3
10;O1;M;1;3;3
11;O1;F;2;3;2
12;O1;M;3;1;2
13;O1;M;2;2;3
14;O1;F;1;2;2
15;O1;F;1;2;1
16;O1;F;2;3;1
17;O1;M;3;2;2
18;O1;F;3;1;2
19;O2;M;2;3;2
20;O2;M;3;2;1
21;O2;M;2;2;3
22;O2;F;3;3;1
23;O2;M;3;2;1
24;O2;F;3;3;1
25;O2;F;2;3;1
26;O2;F;1;2;3
27;O2;M;3;1;2
28;O2;M;3;2;2
29;O2;F;2;2;1
30;O2;F;1;3;3
31;O2;F;2;3;2
32;O2;M;1;2;2
33;O2;M;3;2;2
34;O2;M;2;3;2
35;O2;F;1;3;3
36;O2;F;3;3;3
37;O3;F;1;2;1
38;O3;M;2;3;1
39;O3;F;3;1;2
40;O3;M;3;2;3
41;O3;F;1;1;3
42;O3;M;1;2;1
43;O3;F;3;2;2
44;O3;M;1;3;1
45;O3;F;3;1;1
46;O3;M;2;1;3
47;O3;F;2;2;3
48;O3;M;3;3;1
49;O3;M;1;1;3
50;O3;M;3;2;2
51;O3;F;1;1;3
52;O3;F;3;1;3
53;O3;F;3;1;2
54;O3;M;2;1;1
55;O4;M;1;3;3
56;O4;F;3;1;3
57;O4;M;2;3;2
58;O4;F;3;3;3
59;O4;F;3;3;1
60;O4;M;1;3;3
61;O4;M;1;2;3
62;O4;M;3;2;2
63;O4;M;3;2;3
64;O4;F;1;1;1
65;O4;F;1;1;3
66;O4;F;3;2;1
67;O4;F;2;2;2
68;O4;M;1;2;2
69;O4;M;2;2;2
70;O4;F;2;3;2
71;O4;M;1;1;2
72;O4;F;2;1;1

[PREFERENCIAS]
# En esta familia P=7, por lo que cada estudiante tiene 7 preferencias
estudiante;preferencia_1;preferencia_2;preferencia_3;preferencia_4;preferencia_5;preferencia_6;preferencia_7
1;56;29;10;64;34;70;61
2;61;24;35;10;33;11;15
3;25;7;71;15;13;50;51
4;44;56;34;51;72;7;42
5;64;32;39;43;63;4;22
6;66;44;69;65;20;12;15
7;49;3;55;2;34;66;35
8;9;35;25;49;72;50;13
9;33;26;25;46;21;10;24
10;16;24;27;21;67;68;19
11;38;3;52;56;17;70;2
12;60;40;69;53;6;7;17
13;26;10;44;20;61;47;58
14;69;8;11;3;54;45;53
15;34;29;40;68;21;58;5
16;68;70;6;4;19;28;51
17;53;54;35;30;23;15;22
18;70;62;53;50;45;34;22
19;52;39;43;46;59;56;33
20;13;25;49;59;72;17;70
21;25;17;53;58;16;28;56
22;7;17;72;14;53;21;10
23;27;25;63;28;12;37;7
24;69;3;70;15;6;4;55
25;21;50;39;54;48;42;12
26;67;37;27;58;42;57;62
27;21;33;57;38;53;55;4
28;59;58;17;10;15;2;55
29;51;4;52;46;42;50;38
30;42;50;5;38;41;31;66
31;36;27;48;23;14;5;17
32;64;2;23;26;59;61;25
33;37;40;25;24;9;68;69
34;63;31;64;36;22;56;32
35;3;41;36;38;29;37;27
36;58;53;71;39;49;72;46
37;62;40;52;20;42;66;1
38;9;72;41;69;2;15;8
39;12;56;55;31;25;40;51
40;19;29;16;36;59;24;17
41;24;47;54;49;72;61;25
42;45;18;63;58;53;66;9
43;54;24;47;59;44;31;41
44;12;15;23;26;47;36;21
45;19;66;40;10;18;16;6
46;68;33;58;52;66;32;62
47;23;61;15;55;30;50;48
48;26;53;25;18;44;4;35
49;46;71;38;45;29;31;24
50;6;44;9;31;64;39;59
51;58;2;20;52;13;24;37
52;13;60;1;50;68;20;69
53;36;2;8;22;51;43;41
54;36;29;19;62;33;55;26
55;62;52;40;25;14;22;29
56;68;43;52;65;10;51;72
57;39;55;65;3;44;45;67
58;57;49;39;11;42;4;44
59;15;10;16;3;43;54;28
60;36;67;50;11;10;22;61
61;63;29;69;24;65;36;35
62;52;6;59;36;41;38;7
63;40;34;65;41;15;51;52
64;8;16;67;33;53;58;48
65;40;32;34;47;49;56;17
66;69;11;57;43;3;17;65
67;59;9;63;37;14;68;31
68;42;4;35;55;37;22;45
69;37;26;70;18;33;48;40
70;36;40;20;45;49;2;57
71;57;46;47;27;31;22;43
72;46;40;22;45;20;10;19

[SEPARACIONES]
estudiante_i;estudiante_j
2;62
3;50
5;65
6;48
10;19
17;25
17;31
18;34
18;62
20;32
26;32
26;59
39;45
43;49
43;63
44;70
56;71
59;61

[NOTAS]
generacion=aleatoria_controlada
preferencias_por_estudiante=P_fijo
genero=balanceado_dentro_de_cada_curso_de_origen
criterios_perfil=sorteados_de_forma_independiente
separaciones=aprox_N_div_4
estado=instancia_de_experimento
pesos_funcion_objetivo=no_incluidos_en_la_instancia
factibilidad=se_uso_una_asignacion_testigo_solo_para_generar_la_instancia
