# ------------------------------------------------------------
# Instancia sintetica para pruebas del modelo exacto
# L = 36 estudiantes por curso
# P = 7 preferencias por estudiante
# C = 5 cursos nuevos
# Total = 180 estudiantes
# ------------------------------------------------------------

# INSTANCIA DE REASIGNACION DE ESTUDIANTES
# Este archivo contiene los datos de entrada de la instancia. La solucion se guarda aparte.

[INSTANCIA]
nombre=c_n_36_l_7_s_5_i_0
semilla=70662
N=180
C=5
L=36
P=7

[CURSOS_NUEVOS]
curso;capacidad
1;36
2;36
3;36
4;36
5;36

[BALANCE_GENERO]
grupos=F,M
diferencia_maxima=1

[CURSOS_ORIGEN]
cursos_origen=O1,O2,O3,O4,O5
minimo_O1=6
minimo_O2=6
minimo_O3=6
minimo_O4=6
minimo_O5=6

[CRITERIOS_BALANCE]
criterios=academico,socioemocional,convivencia
niveles=1,2,3

[ESTUDIANTES]
estudiante;curso_origen;genero;academico;socioemocional;convivencia
1;O1;F;2;2;1
2;O1;F;1;1;3
3;O1;F;3;1;3
4;O1;M;2;1;1
5;O1;M;1;2;3
6;O1;M;3;3;3
7;O1;F;1;1;1
8;O1;F;1;1;3
9;O1;M;2;1;1
10;O1;M;3;2;1
11;O1;M;3;1;2
12;O1;M;3;3;1
13;O1;M;1;2;2
14;O1;F;1;1;3
15;O1;M;2;2;2
16;O1;M;1;2;1
17;O1;M;2;3;2
18;O1;F;1;2;3
19;O1;F;3;1;2
20;O1;M;1;3;2
21;O1;F;1;2;2
22;O1;F;1;3;3
23;O1;M;1;2;3
24;O1;F;2;1;2
25;O1;M;3;3;2
26;O1;F;1;3;1
27;O1;M;3;2;2
28;O1;F;2;3;3
29;O1;F;1;3;3
30;O1;M;3;2;2
31;O1;M;3;3;3
32;O1;F;1;2;2
33;O1;M;1;3;2
34;O1;F;1;2;2
35;O1;F;1;3;2
36;O1;F;2;3;1
37;O2;F;2;2;3
38;O2;M;2;1;2
39;O2;F;3;1;1
40;O2;M;3;2;3
41;O2;M;2;3;2
42;O2;M;1;3;1
43;O2;F;1;3;2
44;O2;F;3;3;1
45;O2;M;1;2;3
46;O2;M;1;1;2
47;O2;M;2;1;3
48;O2;F;2;3;1
49;O2;F;2;1;3
50;O2;M;1;2;1
51;O2;F;3;3;2
52;O2;F;3;1;1
53;O2;F;1;1;2
54;O2;F;3;3;1
55;O2;F;3;3;1
56;O2;F;2;1;2
57;O2;M;1;2;2
58;O2;M;1;3;3
59;O2;M;3;2;3
60;O2;F;3;1;1
61;O2;F;2;2;3
62;O2;F;2;3;1
63;O2;M;3;3;3
64;O2;F;3;3;2
65;O2;M;3;3;3
66;O2;F;2;2;3
67;O2;M;1;3;1
68;O2;M;3;3;2
69;O2;M;1;3;3
70;O2;M;1;2;3
71;O2;M;1;3;3
72;O2;F;1;1;1
73;O3;F;3;1;1
74;O3;M;1;3;3
75;O3;F;3;2;1
76;O3;F;2;2;1
77;O3;F;3;1;3
78;O3;F;2;2;2
79;O3;F;3;1;1
80;O3;M;3;3;3
81;O3;M;1;2;2
82;O3;F;2;3;1
83;O3;F;3;2;3
84;O3;F;1;2;1
85;O3;M;2;1;3
86;O3;F;1;3;1
87;O3;F;3;2;3
88;O3;M;2;3;2
89;O3;F;2;1;1
90;O3;M;2;2;3
91;O3;F;1;1;1
92;O3;M;2;3;1
93;O3;F;3;3;2
94;O3;M;2;2;2
95;O3;M;1;2;2
96;O3;M;1;3;3
97;O3;M;1;2;2
98;O3;M;1;2;2
99;O3;M;1;2;1
100;O3;M;3;1;1
101;O3;M;2;2;1
102;O3;M;3;1;2
103;O3;F;3;2;1
104;O3;M;1;3;2
105;O3;F;3;2;1
106;O3;F;2;3;1
107;O3;M;2;1;3
108;O3;F;3;1;1
109;O4;F;3;3;1
110;O4;M;1;2;2
111;O4;M;3;1;3
112;O4;F;1;2;1
113;O4;F;1;3;2
114;O4;F;1;2;2
115;O4;F;1;1;2
116;O4;M;3;2;1
117;O4;F;1;2;2
118;O4;F;2;2;2
119;O4;F;3;1;1
120;O4;M;3;1;1
121;O4;F;2;3;3
122;O4;M;2;3;1
123;O4;F;3;3;2
124;O4;F;1;3;2
125;O4;F;1;3;1
126;O4;M;1;1;2
127;O4;F;3;1;1
128;O4;M;2;1;3
129;O4;M;3;3;3
130;O4;F;2;2;3
131;O4;F;3;3;1
132;O4;F;2;1;1
133;O4;M;3;3;2
134;O4;M;1;2;1
135;O4;F;1;3;1
136;O4;M;1;3;3
137;O4;M;1;3;1
138;O4;F;2;1;1
139;O4;M;2;1;3
140;O4;M;2;3;1
141;O4;M;3;1;1
142;O4;M;1;1;3
143;O4;M;3;2;2
144;O4;M;2;3;2
145;O5;F;1;1;2
146;O5;F;1;2;1
147;O5;F;1;3;2
148;O5;M;2;2;1
149;O5;M;3;2;1
150;O5;F;3;3;3
151;O5;M;3;3;3
152;O5;M;2;2;2
153;O5;M;2;1;2
154;O5;F;2;3;1
155;O5;F;1;3;1
156;O5;M;1;3;3
157;O5;F;3;3;1
158;O5;M;2;3;3
159;O5;F;2;1;3
160;O5;M;2;3;1
161;O5;M;3;2;3
162;O5;F;1;2;2
163;O5;F;3;3;2
164;O5;F;1;3;2
165;O5;M;1;3;3
166;O5;F;1;3;3
167;O5;F;1;1;2
168;O5;M;3;2;3
169;O5;F;1;2;2
170;O5;M;2;2;1
171;O5;F;3;3;2
172;O5;M;2;2;2
173;O5;F;3;2;3
174;O5;M;2;3;3
175;O5;M;2;2;1
176;O5;M;3;2;2
177;O5;F;2;1;1
178;O5;M;2;3;1
179;O5;M;3;1;3
180;O5;F;3;2;2

[PREFERENCIAS]
# En esta familia P=7, por lo que cada estudiante tiene 7 preferencias
estudiante;preferencia_1;preferencia_2;preferencia_3;preferencia_4;preferencia_5;preferencia_6;preferencia_7
1;121;65;64;16;125;156;153
2;13;133;59;53;80;152;69
3;70;59;175;106;56;141;117
4;139;29;3;111;53;133;25
5;7;81;160;45;131;6;60
6;91;106;51;71;17;95;15
7;75;105;112;67;109;101;54
8;159;158;39;136;165;101;51
9;45;152;137;22;39;31;112
10;63;155;95;178;9;148;112
11;73;78;130;148;153;122;51
12;24;161;65;80;8;125;41
13;116;110;104;92;131;46;127
14;1;172;50;52;54;16;179
15;147;114;126;20;117;99;70
16;160;20;30;173;106;39;99
17;125;102;128;44;4;174;137
18;168;96;31;136;35;50;34
19;167;82;92;62;47;22;158
20;37;82;71;19;113;27;51
21;104;176;40;45;133;84;27
22;151;6;29;97;60;64;121
23;12;128;86;96;35;42;57
24;1;38;159;80;22;100;72
25;52;56;63;58;171;152;59
26;47;36;7;116;58;37;10
27;84;53;144;180;139;171;179
28;58;51;161;86;104;128;35
29;75;20;173;113;118;42;104
30;105;178;103;17;91;16;110
31;28;174;117;129;13;11;179
32;95;19;6;73;13;57;1
33;65;26;36;21;158;55;22
34;6;76;156;124;70;58;152
35;55;173;106;138;78;158;165
36;50;108;113;51;162;130;122
37;24;97;81;2;11;75;177
38;133;134;69;158;114;17;72
39;21;29;81;7;15;179;54
40;151;145;46;90;16;50;48
41;111;174;28;3;84;12;157
42;18;93;127;6;113;107;79
43;116;97;68;129;109;121;85
44;129;161;173;40;109;20;147
45;46;74;70;65;92;179;57
46;141;13;90;26;80;115;56
47;81;164;111;116;22;141;115
48;75;18;106;180;74;40;176
49;1;174;12;132;127;149;162
50;123;23;83;98;121;163;167
51;28;73;159;113;19;137;57
52;131;88;32;149;140;136;125
53;34;45;174;137;75;91;180
54;8;22;71;57;72;147;52
55;3;120;6;31;152;92;27
56;107;39;82;85;125;120;86
57;129;85;180;48;51;82;33
58;92;18;153;25;142;138;46
59;31;111;122;60;124;53;88
60;110;165;6;91;22;122;69
61;84;101;64;25;112;40;39
62;92;179;162;168;171;85;113
63;54;31;85;67;77;38;40
64;118;117;48;153;154;167;7
65;81;18;26;62;7;114;157
66;155;102;128;169;36;68;49
67;135;109;126;103;94;125;25
68;30;63;13;43;56;161;100
69;162;21;124;36;120;115;143
70;23;114;180;24;69;121;30
71;59;77;130;180;8;171;143
72;66;137;65;40;6;49;43
73;28;78;125;87;3;22;178
74;157;25;34;53;47;128;82
75;112;166;167;16;65;158;106
76;158;79;11;115;53;42;86
77;4;110;150;128;54;42;112
78;143;174;3;137;172;109;135
79;67;104;159;34;76;113;66
80;39;20;116;174;96;122;131
81;121;164;27;153;110;87;136
82;77;158;98;90;92;163;17
83;66;179;116;142;96;149;153
84;116;3;32;157;64;162;147
85;178;10;103;154;134;64;119
86;169;39;84;157;66;161;132
87;54;174;64;113;92;96;18
88;3;12;177;62;137;96;156
89;111;86;122;80;31;108;165
90;35;21;150;12;106;117;34
91;143;37;34;38;47;84;56
92;11;125;58;144;45;134;166
93;73;2;126;124;152;26;128
94;146;45;130;156;65;27;85
95;122;180;14;64;90;117;77
96;143;167;86;52;80;57;10
97;25;112;8;125;117;86;173
98;70;134;100;169;87;119;3
99;168;55;113;21;49;96;180
100;3;55;78;149;63;20;30
101;62;2;125;43;37;146;130
102;55;120;124;155;159;57;93
103;130;96;81;19;146;10;144
104;159;29;88;3;154;103;172
105;104;72;42;77;19;170;160
106;65;111;144;23;110;122;79
107;162;50;159;40;132;146;154
108;73;9;170;89;18;152;26
109;147;149;128;100;122;118;164
110;34;163;153;139;73;116;127
111;127;75;112;18;124;82;145
112;160;52;89;92;28;108;166
113;45;107;112;100;18;51;36
114;29;69;62;12;115;76;17
115;62;145;129;96;103;13;32
116;120;77;130;117;2;7;45
117;1;113;142;162;136;143;37
118;84;4;67;94;14;158;139
119;24;40;68;22;105;44;34
120;88;99;163;133;18;142;25
121;125;39;147;23;100;40;35
122;132;25;149;65;144;57;36
123;91;133;168;142;69;118;128
124;12;167;73;42;75;153;150
125;26;65;21;172;109;173;40
126;73;21;22;171;170;139;4
127;142;161;33;139;114;24;17
128;7;10;111;3;26;114;16
129;4;88;58;75;158;176;126
130;126;20;163;149;15;147;21
131;90;52;29;21;91;156;31
132;170;150;172;160;7;95;33
133;63;9;167;126;125;156;164
134;72;83;91;87;176;23;26
135;90;69;127;30;180;74;15
136;134;86;169;101;175;43;52
137;44;80;68;54;159;178;124
138;94;31;50;5;38;156;101
139;165;27;54;7;22;150;112
140;98;32;5;108;91;171;167
141;116;65;66;93;56;40;49
142;27;28;179;56;141;38;2
143;172;106;99;42;174;72;164
144;15;14;170;165;91;34;33
145;77;23;107;179;157;74;118
146;21;136;20;89;11;103;152
147;69;140;176;135;47;132;139
148;78;7;73;110;67;130;96
149;1;112;36;126;173;6;98
150;174;158;147;95;136;1;101
151;11;93;148;50;169;9;87
152;52;20;24;85;25;141;65
153;25;15;31;118;77;146;168
154;115;28;147;12;75;104;48
155;79;66;165;140;150;128;92
156;179;168;143;104;172;16;140
157;59;101;50;104;135;74;47
158;44;149;166;140;167;175;161
159;19;79;131;123;25;72;89
160;20;49;144;8;59;83;44
161;6;163;69;1;83;27;81
162;158;12;27;142;173;67;103
163;32;47;161;125;174;75;11
164;18;50;55;173;28;167;109
165;99;28;161;147;77;114;117
166;45;41;91;24;164;54;37
167;171;27;81;123;89;100;87
168;1;90;161;140;100;67;16
169;142;47;71;70;48;42;107
170;1;105;44;162;27;161;64
171;130;28;131;48;62;151;71
172;67;69;20;151;120;80;48
173;174;158;140;40;122;179;14
174;11;101;16;54;56;165;124
175;91;64;11;115;158;61;110
176;115;166;73;81;53;2;163
177;154;144;7;111;40;73;30
178;53;22;125;86;61;97;76
179;169;99;144;26;63;178;5
180;13;143;59;89;40;94;168

[SEPARACIONES]
estudiante_i;estudiante_j
1;101
4;6
5;148
6;159
8;110
9;89
12;25
15;138
16;82
19;132
20;176
21;55
21;153
27;86
32;41
34;100
36;48
39;93
41;54
42;72
47;128
51;133
52;141
52;160
55;125
55;134
57;175
60;90
60;167
66;133
66;135
73;97
74;120
76;114
77;82
83;93
95;143
95;167
105;151
108;128
113;153
127;160
145;158
146;168
156;173

[NOTAS]
generacion=aleatoria_controlada
preferencias_por_estudiante=P_fijo
genero=balanceado_dentro_de_cada_curso_de_origen
criterios_perfil=sorteados_de_forma_independiente
separaciones=aprox_N_div_4
estado=instancia_de_experimento
pesos_funcion_objetivo=no_incluidos_en_la_instancia
factibilidad=se_uso_una_asignacion_testigo_solo_para_generar_la_instancia
