# ------------------------------------------------------------
# Instancia sintetica para pruebas del modelo exacto
# L = 36 estudiantes por curso
# P = 7 preferencias por estudiante
# C = 5 cursos nuevos
# Total = 180 estudiantes
# ------------------------------------------------------------

# INSTANCIA DE REASIGNACION DE ESTUDIANTES
# Este archivo contiene los datos de entrada de la instancia. La solucion se guarda aparte.

[INSTANCIA]
nombre=c_n_36_l_7_s_5_i_7
semilla=70711
N=180
C=5
L=36
P=7

[CURSOS_NUEVOS]
curso;capacidad
1;36
2;36
3;36
4;36
5;36

[BALANCE_GENERO]
grupos=F,M
diferencia_maxima=1

[CURSOS_ORIGEN]
cursos_origen=O1,O2,O3,O4,O5
minimo_O1=6
minimo_O2=6
minimo_O3=6
minimo_O4=6
minimo_O5=6

[CRITERIOS_BALANCE]
criterios=academico,socioemocional,convivencia
niveles=1,2,3

[ESTUDIANTES]
estudiante;curso_origen;genero;academico;socioemocional;convivencia
1;O1;F;3;3;1
2;O1;M;2;3;3
3;O1;F;1;2;1
4;O1;M;1;2;1
5;O1;F;3;2;1
6;O1;F;2;1;1
7;O1;M;1;2;3
8;O1;M;2;2;2
9;O1;M;3;2;2
10;O1;M;1;2;1
11;O1;F;2;3;3
12;O1;F;2;2;3
13;O1;M;3;1;1
14;O1;F;1;2;2
15;O1;M;2;2;3
16;O1;M;2;2;2
17;O1;M;1;1;3
18;O1;F;3;3;3
19;O1;F;2;1;1
20;O1;M;3;1;1
21;O1;M;3;1;3
22;O1;M;3;1;3
23;O1;F;2;1;3
24;O1;M;2;2;3
25;O1;F;3;1;3
26;O1;M;3;3;2
27;O1;F;2;3;2
28;O1;F;1;3;2
29;O1;F;3;1;2
30;O1;M;3;2;2
31;O1;M;2;2;3
32;O1;F;1;1;2
33;O1;M;2;1;1
34;O1;F;2;2;3
35;O1;F;1;2;1
36;O1;F;2;3;1
37;O2;F;3;1;2
38;O2;F;3;1;2
39;O2;F;1;2;2
40;O2;M;1;3;3
41;O2;F;3;3;1
42;O2;M;1;3;1
43;O2;F;2;3;2
44;O2;F;1;2;3
45;O2;F;3;1;1
46;O2;M;3;3;1
47;O2;M;1;2;2
48;O2;F;1;3;3
49;O2;F;2;2;3
50;O2;M;1;3;1
51;O2;M;1;2;3
52;O2;M;2;2;3
53;O2;F;3;1;1
54;O2;M;2;3;3
55;O2;F;2;2;3
56;O2;M;3;2;1
57;O2;F;1;1;2
58;O2;M;1;1;3
59;O2;F;1;3;2
60;O2;M;2;1;3
61;O2;M;1;2;2
62;O2;M;3;1;3
63;O2;F;2;2;1
64;O2;F;2;3;2
65;O2;M;3;3;1
66;O2;M;1;1;3
67;O2;M;3;1;1
68;O2;M;2;2;1
69;O2;F;2;3;3
70;O2;F;1;1;3
71;O2;M;1;1;3
72;O2;F;3;3;1
73;O3;F;2;2;2
74;O3;F;2;1;3
75;O3;F;1;3;2
76;O3;M;2;3;1
77;O3;M;3;1;3
78;O3;M;1;2;3
79;O3;M;1;2;3
80;O3;F;1;2;3
81;O3;M;2;1;3
82;O3;F;1;1;2
83;O3;M;2;1;1
84;O3;F;2;2;1
85;O3;F;3;1;1
86;O3;M;2;2;2
87;O3;M;3;3;2
88;O3;M;3;1;3
89;O3;F;3;1;1
90;O3;M;3;1;1
91;O3;F;2;1;1
92;O3;M;1;2;1
93;O3;M;2;3;3
94;O3;F;2;1;2
95;O3;M;2;1;2
96;O3;M;2;3;1
97;O3;M;2;1;1
98;O3;F;3;3;1
99;O3;M;3;3;1
100;O3;F;2;3;2
101;O3;F;3;2;1
102;O3;M;3;3;3
103;O3;F;3;3;3
104;O3;F;3;2;3
105;O3;F;2;1;3
106;O3;M;1;1;1
107;O3;F;2;3;3
108;O3;F;3;3;3
109;O4;F;3;1;1
110;O4;M;1;3;1
111;O4;F;1;1;1
112;O4;M;1;3;2
113;O4;F;3;2;2
114;O4;M;2;1;1
115;O4;F;1;3;2
116;O4;F;3;3;2
117;O4;F;2;1;3
118;O4;F;3;1;1
119;O4;M;3;2;3
120;O4;F;3;2;1
121;O4;M;2;2;1
122;O4;M;3;1;3
123;O4;M;2;3;2
124;O4;M;2;3;2
125;O4;M;2;2;2
126;O4;F;2;3;2
127;O4;M;3;3;2
128;O4;M;3;3;3
129;O4;M;3;1;2
130;O4;M;1;3;2
131;O4;M;1;1;2
132;O4;F;3;2;1
133;O4;F;3;1;2
134;O4;F;2;1;1
135;O4;F;1;2;3
136;O4;M;1;1;3
137;O4;M;2;2;1
138;O4;F;3;3;3
139;O4;F;3;2;3
140;O4;F;2;2;3
141;O4;F;2;3;3
142;O4;F;2;1;2
143;O4;M;1;1;1
144;O4;M;1;3;2
145;O5;F;1;1;3
146;O5;F;1;3;1
147;O5;M;3;3;3
148;O5;M;3;1;3
149;O5;F;1;1;1
150;O5;M;1;3;3
151;O5;F;3;2;2
152;O5;F;3;1;1
153;O5;M;2;3;2
154;O5;F;2;2;1
155;O5;F;3;3;3
156;O5;M;2;1;2
157;O5;M;2;3;2
158;O5;F;1;2;3
159;O5;M;2;2;1
160;O5;M;3;3;1
161;O5;F;2;3;2
162;O5;F;3;1;1
163;O5;M;3;3;3
164;O5;F;3;1;3
165;O5;M;3;1;1
166;O5;M;1;2;1
167;O5;F;3;3;2
168;O5;M;2;3;2
169;O5;F;1;3;2
170;O5;F;2;2;1
171;O5;M;2;2;3
172;O5;M;2;3;3
173;O5;M;1;3;1
174;O5;F;3;1;1
175;O5;M;3;1;2
176;O5;M;2;1;1
177;O5;M;3;1;3
178;O5;F;3;2;2
179;O5;F;3;1;1
180;O5;F;3;3;3

[PREFERENCIAS]
# En esta familia P=7, por lo que cada estudiante tiene 7 preferencias
estudiante;preferencia_1;preferencia_2;preferencia_3;preferencia_4;preferencia_5;preferencia_6;preferencia_7
1;12;145;59;173;126;22;47
2;23;67;16;54;42;107;48
3;58;180;60;148;124;128;118
4;88;56;116;25;33;68;41
5;41;25;3;80;91;67;144
6;140;138;11;95;88;143;90
7;143;25;35;86;44;32;129
8;162;111;70;130;110;135;34
9;127;31;10;72;51;94;32
10;66;20;180;98;150;94;93
11;163;89;135;13;76;83;85
12;5;111;90;50;103;15;67
13;114;158;160;154;45;59;58
14;33;141;60;44;166;28;133
15;157;12;177;114;107;137;174
16;10;39;96;92;164;147;159
17;88;26;21;167;162;153;158
18;141;23;150;74;153;41;109
19;36;120;2;163;94;113;46
20;176;135;179;18;122;14;16
21;70;137;72;94;133;89;28
22;147;159;53;135;90;47;157
23;84;100;8;142;89;158;126
24;95;128;116;52;82;67;20
25;133;66;172;29;82;164;70
26;93;90;104;102;176;78;103
27;32;103;167;70;33;112;118
28;128;69;109;30;179;129;166
29;31;109;11;56;43;145;83
30;58;74;120;20;22;40;105
31;11;96;1;134;19;153;54
32;23;17;159;117;123;167;124
33;179;26;43;12;146;76;117
34;72;136;114;148;167;139;153
35;43;163;54;146;131;169;67
36;32;180;159;13;97;157;112
37;106;4;108;58;82;157;149
38;102;60;115;72;79;105;53
39;66;125;36;10;144;175;177
40;101;163;177;115;74;139;80
41;33;130;37;29;32;48;96
42;170;152;29;145;4;135;132
43;74;68;78;76;105;61;174
44;144;1;119;11;69;103;25
45;151;70;26;53;126;136;18
46;23;20;163;15;155;179;79
47;84;97;76;1;113;172;58
48;2;29;34;142;49;132;117
49;70;80;92;61;23;118;96
50;105;126;26;47;22;154;114
51;117;137;158;89;67;119;162
52;106;39;5;102;68;76;175
53;104;86;155;85;180;102;105
54;82;50;25;175;114;139;73
55;12;22;146;10;31;73;133
56;157;28;154;160;180;12;39
57;111;104;43;147;150;142;99
58;9;5;109;21;38;36;71
59;126;100;62;106;66;38;12
60;65;51;128;16;101;79;114
61;155;161;35;59;170;135;162
62;52;81;3;25;171;5;93
63;19;54;121;126;168;32;10
64;55;135;18;122;94;34;9
65;160;174;54;11;2;45;5
66;159;102;126;29;158;30;87
67;104;101;126;58;48;91;180
68;110;171;142;108;77;170;75
69;99;149;7;27;128;64;29
70;142;106;57;2;177;52;26
71;26;17;44;139;20;105;68
72;115;142;140;55;177;33;127
73;137;102;151;124;123;81;107
74;158;38;77;141;8;169;120
75;57;165;159;3;91;42;35
76;136;30;50;48;91;120;64
77;38;180;79;95;14;116;80
78;75;92;130;59;76;87;123
79;49;72;141;21;26;67;164
80;112;128;30;26;88;166;111
81;178;134;103;163;147;110;44
82;153;144;88;81;157;150;79
83;139;63;46;179;35;30;90
84;35;135;116;66;104;12;112
85;134;137;51;97;133;60;142
86;72;172;76;147;65;63;85
87;134;67;26;94;74;104;65
88;41;166;20;69;132;85;123
89;160;20;61;129;133;177;115
90;1;58;95;159;68;86;135
91;164;169;18;108;102;143;4
92;52;48;69;167;131;103;71
93;15;3;87;121;111;76;95
94;25;45;100;153;99;96;8
95;97;101;26;130;19;122;30
96;113;131;151;14;123;100;161
97;151;68;143;43;137;44;99
98;108;30;120;18;44;90;102
99;91;58;93;177;7;172;110
100;8;139;6;101;175;163;178
101;65;99;147;174;102;3;25
102;2;170;30;139;129;9;150
103;85;102;36;51;172;101;12
104;107;167;26;128;164;136;113
105;31;24;131;169;80;180;10
106;138;75;121;122;161;69;91
107;113;64;125;48;127;66;29
108;73;57;138;61;8;17;156
109;10;88;60;46;56;26;137
110;91;92;124;33;12;152;166
111;6;84;166;112;20;26;18
112;21;28;50;29;135;64;68
113;105;45;38;145;72;28;95
114;121;2;40;125;156;25;45
115;2;25;16;100;73;33;114
116;18;132;127;79;67;91;178
117;73;148;54;114;83;63;151
118;58;60;134;117;123;16;100
119;27;43;49;75;118;8;146
120;75;174;128;53;85;98;163
121;96;135;129;37;58;89;153
122;111;152;159;13;57;73;130
123;42;43;130;13;114;90;16
124;1;55;9;143;106;108;95
125;102;66;21;160;157;150;42
126;171;25;109;174;166;179;95
127;135;128;144;140;62;55;72
128;96;136;88;125;176;91;6
129;149;86;100;77;102;163;85
130;180;10;174;22;163;125;51
131;164;163;177;158;30;170;100
132;119;144;87;124;78;9;25
133;28;131;8;17;176;171;55
134;131;170;75;21;88;97;107
135;79;99;151;41;109;6;26
136;123;59;147;63;155;69;54
137;36;67;60;168;54;47;42
138;112;81;43;125;99;130;117
139;118;76;89;115;25;13;56
140;58;107;32;111;76;114;152
141;116;165;50;106;149;170;64
142;14;29;95;11;136;63;93
143;166;155;114;71;113;35;5
144;58;179;180;112;125;85;153
145;88;115;102;142;135;37;153
146;163;95;94;18;24;106;17
147;145;14;167;43;131;17;148
148;143;91;15;86;33;124;60
149;143;63;1;97;54;83;137
150;52;104;57;85;41;137;113
151;124;164;114;148;17;94;37
152;69;105;133;27;73;31;158
153;84;164;145;50;24;13;179
154;159;86;2;45;94;120;6
155;167;59;72;116;150;120;20
156;16;164;8;92;150;113;32
157;149;2;89;97;147;71;7
158;110;156;173;40;45;58;144
159;137;139;55;144;19;109;119
160;109;81;56;163;91;68;179
161;143;48;15;175;139;158;115
162;40;110;47;19;129;169;12
163;180;125;4;134;112;29;119
164;58;89;17;70;161;155;40
165;131;96;1;123;137;77;63
166;148;6;127;137;93;61;38
167;49;39;111;44;15;161;84
168;42;113;115;47;69;30;173
169;94;66;128;108;130;81;138
170;95;36;15;117;107;120;100
171;170;1;39;137;110;26;132
172;179;98;33;107;104;42;76
173;21;58;68;45;154;105;162
174;59;123;144;45;157;99;161
175;166;99;8;141;53;86;3
176;119;5;94;138;83;71;104
177;148;10;178;52;36;111;138
178;34;59;13;170;134;8;146
179;106;173;165;24;11;44;72
180;140;75;94;2;1;11;135

[SEPARACIONES]
estudiante_i;estudiante_j
2;126
6;105
11;156
12;116
13;22
13;174
15;88
17;62
19;63
20;92
24;155
28;88
28;125
30;44
33;60
41;120
45;63
45;97
47;91
47;158
50;155
56;58
58;147
63;158
70;149
76;90
84;97
85;98
96;98
96;129
99;124
100;118
106;177
107;177
111;147
112;114
112;131
112;156
119;136
119;153
119;158
120;152
125;176
136;165
156;175

[NOTAS]
generacion=aleatoria_controlada
preferencias_por_estudiante=P_fijo
genero=balanceado_dentro_de_cada_curso_de_origen
criterios_perfil=sorteados_de_forma_independiente
separaciones=aprox_N_div_4
estado=instancia_de_experimento
pesos_funcion_objetivo=no_incluidos_en_la_instancia
factibilidad=se_uso_una_asignacion_testigo_solo_para_generar_la_instancia
