# ------------------------------------------------------------
# Instancia sintetica para pruebas del modelo exacto
# L = 18 estudiantes por curso
# P = 7 preferencias por estudiante
# C = 5 cursos nuevos
# Total = 90 estudiantes
# ------------------------------------------------------------

# INSTANCIA DE REASIGNACION DE ESTUDIANTES
# Este archivo contiene los datos de entrada de la instancia. La solucion se guarda aparte.

[INSTANCIA]
nombre=c_n_18_l_7_s_5_i_1
semilla=70615
N=90
C=5
L=18
P=7

[CURSOS_NUEVOS]
curso;capacidad
1;18
2;18
3;18
4;18
5;18

[BALANCE_GENERO]
grupos=F,M
diferencia_maxima=1

[CURSOS_ORIGEN]
cursos_origen=O1,O2,O3,O4,O5
minimo_O1=2
minimo_O2=2
minimo_O3=2
minimo_O4=2
minimo_O5=2

[CRITERIOS_BALANCE]
criterios=academico,socioemocional,convivencia
niveles=1,2,3

[ESTUDIANTES]
estudiante;curso_origen;genero;academico;socioemocional;convivencia
1;O1;M;2;3;2
2;O1;F;1;2;1
3;O1;F;1;1;1
4;O1;M;2;3;1
5;O1;M;1;3;2
6;O1;M;2;1;1
7;O1;M;3;3;3
8;O1;F;2;3;3
9;O1;M;1;1;3
10;O1;M;3;3;1
11;O1;F;2;2;3
12;O1;F;2;1;1
13;O1;F;3;1;2
14;O1;M;1;3;1
15;O1;F;1;1;2
16;O1;M;3;3;2
17;O1;F;3;2;1
18;O1;F;3;1;3
19;O2;M;2;1;2
20;O2;M;3;3;2
21;O2;F;3;2;3
22;O2;M;1;1;2
23;O2;M;3;1;2
24;O2;F;2;3;3
25;O2;M;2;3;2
26;O2;M;1;3;3
27;O2;F;3;1;1
28;O2;F;2;1;3
29;O2;M;2;3;1
30;O2;F;2;1;1
31;O2;F;1;1;3
32;O2;M;2;3;1
33;O2;F;3;3;1
34;O2;F;3;3;2
35;O2;M;3;3;2
36;O2;F;2;3;1
37;O3;F;2;3;2
38;O3;F;3;1;2
39;O3;M;2;3;2
40;O3;M;2;1;3
41;O3;M;1;3;3
42;O3;M;3;3;2
43;O3;M;3;3;3
44;O3;M;3;2;3
45;O3;F;2;3;2
46;O3;F;3;2;1
47;O3;M;3;2;1
48;O3;M;1;2;3
49;O3;F;1;3;2
50;O3;F;3;1;2
51;O3;F;3;2;3
52;O3;F;3;3;3
53;O3;M;3;1;2
54;O3;F;3;3;2
55;O4;M;2;3;3
56;O4;F;1;1;3
57;O4;M;3;2;3
58;O4;F;1;3;1
59;O4;M;1;1;1
60;O4;F;3;2;3
61;O4;F;1;1;2
62;O4;F;1;2;1
63;O4;M;2;1;2
64;O4;F;3;2;2
65;O4;M;3;3;2
66;O4;M;3;2;1
67;O4;M;1;1;1
68;O4;F;3;1;2
69;O4;F;2;1;1
70;O4;M;1;2;1
71;O4;F;2;2;1
72;O4;M;2;2;2
73;O5;M;2;3;1
74;O5;F;1;1;2
75;O5;F;2;2;1
76;O5;F;1;2;2
77;O5;M;2;2;2
78;O5;M;3;3;1
79;O5;F;2;2;1
80;O5;F;2;3;1
81;O5;M;2;1;3
82;O5;F;3;1;3
83;O5;M;3;2;2
84;O5;M;2;2;1
85;O5;F;2;1;3
86;O5;M;3;2;2
87;O5;F;1;3;1
88;O5;M;2;2;3
89;O5;M;1;2;2
90;O5;F;3;3;1

[PREFERENCIAS]
# En esta familia P=7, por lo que cada estudiante tiene 7 preferencias
estudiante;preferencia_1;preferencia_2;preferencia_3;preferencia_4;preferencia_5;preferencia_6;preferencia_7
1;85;8;12;14;35;36;44
2;38;75;63;18;78;51;15
3;79;29;69;4;6;24;7
4;15;41;10;20;12;29;49
5;80;61;66;50;40;46;25
6;82;12;87;77;85;61;69
7;60;57;3;40;78;73;12
8;46;27;62;42;38;70;88
9;37;62;3;32;87;23;60
10;51;90;7;66;38;36;24
11;40;56;64;78;53;5;50
12;26;60;80;40;63;1;10
13;16;14;37;39;45;21;56
14;8;51;36;49;30;67;41
15;85;87;50;86;49;30;51
16;45;18;50;19;47;12;23
17;65;80;61;78;53;90;10
18;8;77;87;12;55;33;4
19;20;29;5;76;38;33;65
20;78;55;22;30;7;89;19
21;16;34;55;49;45;75;15
22;66;14;7;1;79;63;56
23;11;64;54;26;41;3;90
24;90;78;40;82;20;46;48
25;67;35;9;59;72;41;1
26;7;45;69;3;5;4;54
27;50;19;48;13;6;65;72
28;40;49;11;61;83;51;33
29;13;35;85;76;39;83;21
30;10;31;36;3;38;39;90
31;49;43;27;8;76;68;88
32;62;39;33;43;11;8;12
33;57;18;23;49;90;61;59
34;28;36;62;10;52;50;71
35;49;27;81;85;77;54;17
36;74;15;60;51;58;78;61
37;77;86;54;1;21;41;20
38;32;48;43;33;46;62;36
39;74;35;52;83;65;59;11
40;23;49;45;29;84;37;63
41;61;77;8;66;40;22;88
42;63;59;3;48;69;26;61
43;22;54;8;86;44;57;32
44;17;19;8;31;28;86;30
45;16;1;43;6;90;66;76
46;25;28;2;36;75;78;53
47;11;66;42;69;38;61;68
48;69;39;50;41;12;26;15
49;17;57;13;34;54;35;52
50;81;29;57;23;4;52;21
51;80;88;75;10;89;47;77
52;89;33;25;12;86;2;38
53;10;82;31;23;24;65;58
54;6;78;86;3;40;5;80
55;11;81;61;24;88;30;82
56;21;61;70;51;79;1;67
57;25;59;30;5;15;74;36
58;37;75;76;43;84;33;13
59;39;78;71;83;82;54;29
60;66;49;30;23;44;63;18
61;14;10;89;11;54;41;21
62;36;49;68;53;13;9;4
63;79;9;32;1;71;25;55
64;34;46;27;88;70;8;89
65;23;30;9;89;51;53;25
66;8;32;37;67;44;52;86
67;69;3;81;74;88;7;84
68;70;27;47;83;44;69;72
69;51;82;4;48;75;89;61
70;84;49;50;73;82;59;55
71;20;86;55;88;82;38;4
72;25;31;38;16;84;59;4
73;51;19;25;86;71;42;22
74;52;47;26;29;16;84;24
75;70;12;14;43;76;63;4
76;13;17;58;4;66;36;16
77;65;29;41;4;67;88;80
78;87;88;40;13;50;74;34
79;40;1;86;90;62;27;51
80;5;37;36;68;70;18;9
81;82;89;49;24;14;43;78
82;83;65;14;11;89;38;1
83;57;50;12;48;52;29;31
84;73;26;70;15;83;68;19
85;57;82;88;53;21;8;1
86;87;69;29;74;80;62;53
87;31;90;35;45;9;82;34
88;41;44;18;58;54;37;13
89;32;88;55;26;29;40;80
90;86;31;72;38;52;49;78

[SEPARACIONES]
estudiante_i;estudiante_j
2;31
4;12
4;37
5;11
6;40
11;26
13;71
13;77
14;54
15;17
15;24
18;84
19;43
20;67
22;79
32;49
32;90
33;52
39;61
42;56
45;79
51;67

[NOTAS]
generacion=aleatoria_controlada
preferencias_por_estudiante=P_fijo
genero=balanceado_dentro_de_cada_curso_de_origen
criterios_perfil=sorteados_de_forma_independiente
separaciones=aprox_N_div_4
estado=instancia_de_experimento
pesos_funcion_objetivo=no_incluidos_en_la_instancia
factibilidad=se_uso_una_asignacion_testigo_solo_para_generar_la_instancia
