# ------------------------------------------------------------
# Instancia sintetica para pruebas del modelo exacto
# L = 18 estudiantes por curso
# P = 6 preferencias por estudiante
# C = 5 cursos nuevos
# Total = 90 estudiantes
# ------------------------------------------------------------

# INSTANCIA DE REASIGNACION DE ESTUDIANTES
# Este archivo contiene los datos de entrada de la instancia. La solucion se guarda aparte.

[INSTANCIA]
nombre=c_n_18_l_6_s_5_i_6
semilla=60643
N=90
C=5
L=18
P=6

[CURSOS_NUEVOS]
curso;capacidad
1;18
2;18
3;18
4;18
5;18

[BALANCE_GENERO]
grupos=F,M
diferencia_maxima=1

[CURSOS_ORIGEN]
cursos_origen=O1,O2,O3,O4,O5
minimo_O1=2
minimo_O2=2
minimo_O3=2
minimo_O4=2
minimo_O5=2

[CRITERIOS_BALANCE]
criterios=academico,socioemocional,convivencia
niveles=1,2,3

[ESTUDIANTES]
estudiante;curso_origen;genero;academico;socioemocional;convivencia
1;O1;M;1;2;3
2;O1;M;2;2;2
3;O1;M;3;3;2
4;O1;F;1;2;2
5;O1;M;1;1;2
6;O1;M;3;1;2
7;O1;F;2;2;2
8;O1;M;1;3;2
9;O1;M;2;3;3
10;O1;F;3;1;3
11;O1;F;1;1;1
12;O1;F;1;1;2
13;O1;F;1;2;2
14;O1;F;3;1;3
15;O1;F;2;3;2
16;O1;M;2;3;1
17;O1;F;3;1;1
18;O1;M;1;1;1
19;O2;F;1;2;1
20;O2;F;1;3;2
21;O2;F;3;2;2
22;O2;F;2;1;3
23;O2;F;2;2;1
24;O2;F;2;1;2
25;O2;M;3;1;3
26;O2;M;1;1;3
27;O2;F;1;3;1
28;O2;M;2;1;3
29;O2;M;2;1;1
30;O2;F;3;1;1
31;O2;F;3;1;2
32;O2;M;2;3;1
33;O2;M;2;3;1
34;O2;M;2;1;2
35;O2;M;1;2;2
36;O2;M;2;2;3
37;O3;F;1;2;1
38;O3;M;3;1;1
39;O3;M;1;3;1
40;O3;M;1;1;3
41;O3;M;2;1;2
42;O3;F;2;1;1
43;O3;M;3;3;1
44;O3;F;1;3;2
45;O3;M;2;2;2
46;O3;M;3;3;1
47;O3;M;1;1;1
48;O3;F;3;1;3
49;O3;F;2;3;3
50;O3;F;2;3;2
51;O3;M;3;3;3
52;O3;F;2;1;3
53;O3;F;1;3;3
54;O3;F;3;2;2
55;O4;M;1;1;2
56;O4;M;3;2;2
57;O4;M;3;3;3
58;O4;M;3;1;3
59;O4;M;2;3;1
60;O4;F;1;3;2
61;O4;M;2;3;1
62;O4;F;2;2;2
63;O4;F;2;3;2
64;O4;F;2;2;3
65;O4;F;3;3;2
66;O4;M;1;3;1
67;O4;M;2;2;3
68;O4;F;3;2;1
69;O4;F;1;1;2
70;O4;F;1;2;2
71;O4;M;3;2;1
72;O4;F;3;1;3
73;O5;M;3;1;2
74;O5;F;3;1;1
75;O5;F;2;2;3
76;O5;M;1;2;3
77;O5;M;3;2;3
78;O5;M;3;2;1
79;O5;M;3;1;1
80;O5;F;3;2;2
81;O5;F;2;1;1
82;O5;F;2;3;3
83;O5;F;3;2;1
84;O5;F;3;2;3
85;O5;M;3;2;2
86;O5;F;3;1;3
87;O5;M;3;3;2
88;O5;M;1;1;2
89;O5;F;1;2;3
90;O5;M;2;1;3

[PREFERENCIAS]
# En esta familia P=6, por lo que cada estudiante tiene 6 preferencias
estudiante;preferencia_1;preferencia_2;preferencia_3;preferencia_4;preferencia_5;preferencia_6
1;20;74;63;37;90;57
2;7;66;62;56;53;63
3;33;45;69;5;59;11
4;88;27;62;68;24;25
5;13;76;35;38;8;20
6;14;7;42;78;28;64
7;60;44;16;52;43;51
8;59;18;40;2;49;53
9;34;64;38;27;37;32
10;76;88;64;38;63;2
11;45;54;34;23;53;79
12;67;21;49;4;78;85
13;35;12;47;52;68;71
14;10;78;12;5;71;33
15;18;12;35;89;50;33
16;73;56;57;90;58;50
17;20;38;88;72;49;6
18;55;45;81;89;43;34
19;50;59;17;37;20;39
20;29;35;33;9;59;82
21;80;53;27;25;34;29
22;82;73;11;40;83;19
23;20;63;4;70;74;85
24;7;71;32;77;85;73
25;24;33;79;20;85;66
26;48;81;75;13;61;18
27;3;64;2;86;90;60
28;75;3;29;71;62;70
29;50;36;12;3;2;45
30;22;2;1;14;50;8
31;62;72;88;66;33;3
32;55;87;50;75;54;7
33;62;36;22;2;63;35
34;58;14;55;11;64;75
35;78;67;14;60;15;6
36;6;60;10;59;84;43
37;81;5;54;48;60;52
38;55;50;88;46;65;56
39;48;55;83;14;16;37
40;35;59;56;76;39;64
41;63;57;55;59;14;22
42;70;31;44;52;15;23
43;69;48;60;40;14;80
44;35;33;12;78;42;87
45;80;53;89;35;39;9
46;23;5;4;66;43;28
47;85;26;70;58;22;68
48;9;46;37;63;62;78
49;18;42;6;15;9;5
50;77;75;36;67;44;82
51;77;65;46;26;57;83
52;57;32;35;81;70;25
53;16;78;12;83;39;24
54;41;74;87;17;83;23
55;9;48;39;76;64;69
56;49;12;78;52;55;8
57;22;29;55;62;1;58
58;49;4;15;40;6;39
59;22;26;77;18;27;80
60;36;30;39;61;70;89
61;21;48;72;6;75;11
62;51;34;1;17;40;23
63;65;90;27;11;30;35
64;37;31;13;24;11;79
65;44;40;25;46;74;52
66;35;25;68;9;70;45
67;7;58;25;9;39;15
68;63;87;54;39;6;15
69;33;21;2;40;14;61
70;79;21;68;25;48;11
71;11;2;38;86;24;30
72;56;54;78;71;62;63
73;28;86;4;16;11;78
74;77;55;66;11;51;68
75;82;43;52;88;61;6
76;33;55;6;90;2;12
77;13;51;50;75;43;44
78;56;17;61;14;46;85
79;38;27;21;71;76;1
80;47;82;50;70;29;12
81;19;11;48;52;70;35
82;36;12;33;9;35;11
83;4;86;33;80;88;65
84;8;52;22;23;87;13
85;37;50;34;53;71;65
86;67;43;10;27;54;16
87;24;27;62;31;3;26
88;84;63;71;50;44;25
89;30;82;11;79;51;13
90;2;33;46;28;39;76

[SEPARACIONES]
estudiante_i;estudiante_j
1;46
3;83
4;20
6;56
6;72
8;30
8;87
13;33
13;82
18;90
19;69
20;65
25;80
29;37
53;57
53;71
53;82
57;58
62;76
63;72
65;71
65;79

[NOTAS]
generacion=aleatoria_controlada
preferencias_por_estudiante=P_fijo
genero=balanceado_dentro_de_cada_curso_de_origen
criterios_perfil=sorteados_de_forma_independiente
separaciones=aprox_N_div_4
estado=instancia_de_experimento
pesos_funcion_objetivo=no_incluidos_en_la_instancia
factibilidad=se_uso_una_asignacion_testigo_solo_para_generar_la_instancia
