# ------------------------------------------------------------
# Instancia sintetica para pruebas del modelo exacto
# L = 18 estudiantes por curso
# P = 7 preferencias por estudiante
# C = 5 cursos nuevos
# Total = 90 estudiantes
# ------------------------------------------------------------

# INSTANCIA DE REASIGNACION DE ESTUDIANTES
# Este archivo contiene los datos de entrada de la instancia. La solucion se guarda aparte.

[INSTANCIA]
nombre=c_n_18_l_7_s_5_i_3
semilla=70629
N=90
C=5
L=18
P=7

[CURSOS_NUEVOS]
curso;capacidad
1;18
2;18
3;18
4;18
5;18

[BALANCE_GENERO]
grupos=F,M
diferencia_maxima=1

[CURSOS_ORIGEN]
cursos_origen=O1,O2,O3,O4,O5
minimo_O1=2
minimo_O2=2
minimo_O3=2
minimo_O4=2
minimo_O5=2

[CRITERIOS_BALANCE]
criterios=academico,socioemocional,convivencia
niveles=1,2,3

[ESTUDIANTES]
estudiante;curso_origen;genero;academico;socioemocional;convivencia
1;O1;F;3;1;3
2;O1;M;2;2;2
3;O1;F;1;2;3
4;O1;F;3;2;3
5;O1;M;3;2;3
6;O1;M;3;2;2
7;O1;F;3;2;2
8;O1;M;2;3;2
9;O1;F;3;2;2
10;O1;F;1;2;2
11;O1;M;2;2;2
12;O1;M;1;3;3
13;O1;F;3;1;2
14;O1;M;1;3;1
15;O1;F;3;2;1
16;O1;M;1;1;2
17;O1;M;1;3;2
18;O1;F;1;1;3
19;O2;M;3;2;2
20;O2;F;1;1;2
21;O2;F;1;1;3
22;O2;M;1;2;3
23;O2;M;3;3;3
24;O2;M;2;3;3
25;O2;F;3;2;1
26;O2;M;1;2;1
27;O2;F;2;3;3
28;O2;F;1;2;2
29;O2;M;1;1;3
30;O2;F;3;3;3
31;O2;M;3;2;3
32;O2;F;1;1;1
33;O2;M;2;1;2
34;O2;F;1;3;1
35;O2;M;2;3;2
36;O2;F;2;2;3
37;O3;F;1;3;1
38;O3;M;1;1;2
39;O3;M;3;2;2
40;O3;F;2;1;3
41;O3;F;3;2;2
42;O3;F;3;3;3
43;O3;M;2;3;3
44;O3;M;1;3;2
45;O3;F;3;1;2
46;O3;M;2;1;3
47;O3;F;2;1;1
48;O3;F;1;3;1
49;O3;F;2;1;3
50;O3;M;1;2;3
51;O3;M;3;2;1
52;O3;M;2;1;1
53;O3;F;2;1;1
54;O3;M;1;3;2
55;O4;F;3;1;3
56;O4;M;2;3;3
57;O4;M;3;1;2
58;O4;M;1;2;2
59;O4;M;2;2;1
60;O4;F;3;2;2
61;O4;M;1;1;3
62;O4;F;2;1;1
63;O4;M;2;2;1
64;O4;F;2;1;2
65;O4;F;1;1;1
66;O4;F;1;1;3
67;O4;M;1;3;2
68;O4;F;1;3;1
69;O4;F;3;1;3
70;O4;M;3;1;1
71;O4;F;2;1;3
72;O4;M;3;3;3
73;O5;M;3;2;3
74;O5;M;1;2;1
75;O5;F;3;3;1
76;O5;F;2;2;2
77;O5;F;1;2;1
78;O5;M;3;2;3
79;O5;M;3;2;1
80;O5;F;1;1;3
81;O5;F;3;3;3
82;O5;M;2;2;1
83;O5;F;2;2;1
84;O5;F;2;1;1
85;O5;M;2;3;2
86;O5;F;1;3;3
87;O5;M;1;2;3
88;O5;F;3;2;2
89;O5;M;1;1;2
90;O5;M;2;3;1

[PREFERENCIAS]
# En esta familia P=7, por lo que cada estudiante tiene 7 preferencias
estudiante;preferencia_1;preferencia_2;preferencia_3;preferencia_4;preferencia_5;preferencia_6;preferencia_7
1;81;32;57;28;62;58;7
2;52;81;61;82;22;60;23
3;74;13;63;15;67;37;2
4;28;72;25;43;49;56;2
5;76;41;88;30;2;66;53
6;78;21;79;22;61;42;33
7;38;21;6;65;2;87;70
8;49;26;53;13;11;57;34
9;55;50;54;75;19;78;10
10;86;69;76;4;55;8;44
11;55;42;12;71;31;80;45
12;34;1;69;90;78;3;49
13;56;40;69;14;12;28;44
14;27;25;52;43;61;64;9
15;86;43;19;52;60;83;29
16;40;58;25;60;20;56;36
17;3;18;65;54;70;39;2
18;8;79;83;42;85;24;87
19;68;63;33;46;42;10;86
20;78;5;75;56;4;8;82
21;74;13;90;14;60;46;31
22;64;19;47;65;23;76;48
23;88;40;73;47;43;42;64
24;46;38;40;77;62;43;68
25;43;39;12;61;8;55;45
26;37;41;15;13;56;40;19
27;36;24;33;6;49;10;87
28;53;52;31;39;60;89;30
29;26;79;41;76;48;36;55
30;54;4;19;10;75;34;13
31;86;54;22;64;16;80;66
32;74;3;77;25;11;87;18
33;4;3;59;15;20;31;85
34;88;30;56;54;23;41;57
35;9;18;81;62;10;73;63
36;24;62;33;18;27;55;70
37;21;90;58;18;19;1;22
38;84;90;66;9;89;81;47
39;23;41;32;47;42;55;63
40;30;1;24;23;85;2;74
41;27;23;65;17;61;31;36
42;11;50;19;75;63;12;68
43;68;55;17;23;50;61;9
44;38;39;4;8;81;25;32
45;78;77;62;68;65;34;30
46;68;9;24;69;12;16;77
47;40;58;26;25;86;52;5
48;64;2;20;78;18;21;31
49;12;53;67;20;37;43;54
50;62;26;16;25;31;40;64
51;79;7;40;83;47;1;87
52;12;36;54;42;8;24;23
53;1;77;5;38;47;42;59
54;27;77;37;11;67;55;68
55;62;57;69;31;24;80;78
56;32;4;10;43;75;18;49
57;78;64;43;29;17;21;48
58;12;67;4;73;30;55;82
59;27;13;4;37;77;38;24
60;35;53;70;56;17;85;74
61;8;44;89;56;15;87;81
62;72;53;15;2;45;48;73
63;58;76;67;62;77;83;57
64;38;71;22;39;4;89;34
65;57;47;48;75;80;60;72
66;37;73;20;29;6;56;13
67;48;43;8;47;13;35;89
68;11;56;57;10;59;27;2
69;70;25;89;77;29;64;12
70;16;84;68;7;73;66;23
71;32;41;3;31;35;37;2
72;22;49;43;23;4;19;44
73;10;12;16;56;20;21;29
74;8;6;73;62;66;65;83
75;44;77;67;55;9;47;28
76;27;84;31;3;16;12;59
77;18;79;67;68;70;89;26
78;16;55;1;87;64;49;72
79;31;55;81;6;33;56;89
80;42;89;77;22;36;31;71
81;75;54;40;78;86;47;53
82;58;34;39;66;64;23;47
83;30;48;25;80;79;37;21
84;40;61;27;20;55;50;78
85;88;80;63;26;45;78;7
86;64;37;30;72;62;39;77
87;58;64;72;5;85;68;62
88;60;52;74;7;63;35;87
89;78;61;48;6;9;37;64
90;73;35;79;46;55;65;17

[SEPARACIONES]
estudiante_i;estudiante_j
1;54
1;66
2;73
6;89
7;37
9;47
11;62
26;44
32;50
34;66
35;64
38;77
40;54
46;75
47;70
55;70
56;74
59;82
61;86
62;78
67;89
72;74

[NOTAS]
generacion=aleatoria_controlada
preferencias_por_estudiante=P_fijo
genero=balanceado_dentro_de_cada_curso_de_origen
criterios_perfil=sorteados_de_forma_independiente
separaciones=aprox_N_div_4
estado=instancia_de_experimento
pesos_funcion_objetivo=no_incluidos_en_la_instancia
factibilidad=se_uso_una_asignacion_testigo_solo_para_generar_la_instancia
