# ------------------------------------------------------------
# Instancia sintetica para pruebas del modelo exacto
# L = 27 estudiantes por curso
# P = 7 preferencias por estudiante
# C = 3 cursos nuevos
# Total = 81 estudiantes
# ------------------------------------------------------------

# INSTANCIA DE REASIGNACION DE ESTUDIANTES
# Este archivo contiene los datos de entrada de la instancia. La solucion se guarda aparte.

[INSTANCIA]
nombre=c_n_27_l_7_s_3_i_7
semilla=70482
N=81
C=3
L=27
P=7

[CURSOS_NUEVOS]
curso;capacidad
1;27
2;27
3;27

[BALANCE_GENERO]
grupos=F,M
diferencia_maxima=1

[CURSOS_ORIGEN]
cursos_origen=O1,O2,O3
minimo_O1=8
minimo_O2=8
minimo_O3=8

[CRITERIOS_BALANCE]
criterios=academico,socioemocional,convivencia
niveles=1,2,3

[ESTUDIANTES]
estudiante;curso_origen;genero;academico;socioemocional;convivencia
1;O1;F;3;3;3
2;O1;M;1;1;1
3;O1;M;2;1;2
4;O1;M;1;2;2
5;O1;F;3;2;2
6;O1;M;1;3;3
7;O1;F;2;1;2
8;O1;F;1;1;1
9;O1;F;3;2;2
10;O1;F;3;3;1
11;O1;M;3;3;3
12;O1;M;1;3;2
13;O1;M;1;3;2
14;O1;M;3;3;1
15;O1;F;1;1;1
16;O1;F;2;3;2
17;O1;M;3;2;3
18;O1;M;1;1;1
19;O1;F;3;2;1
20;O1;M;2;2;1
21;O1;F;3;1;1
22;O1;M;3;2;1
23;O1;F;2;2;1
24;O1;M;2;1;2
25;O1;M;3;2;1
26;O1;F;2;3;1
27;O1;F;2;3;1
28;O2;M;1;1;1
29;O2;M;2;1;1
30;O2;F;1;1;3
31;O2;F;3;2;1
32;O2;M;2;3;1
33;O2;M;2;3;3
34;O2;F;1;1;3
35;O2;F;1;2;2
36;O2;F;1;3;1
37;O2;M;3;3;2
38;O2;M;3;2;2
39;O2;M;2;2;3
40;O2;F;3;2;1
41;O2;M;2;3;3
42;O2;M;1;1;2
43;O2;F;3;2;2
44;O2;F;3;1;2
45;O2;F;1;3;3
46;O2;F;3;3;1
47;O2;M;2;3;1
48;O2;M;2;1;3
49;O2;F;1;2;1
50;O2;F;3;2;3
51;O2;M;1;3;1
52;O2;M;2;2;2
53;O2;M;3;1;2
54;O2;F;3;1;1
55;O3;M;3;2;3
56;O3;F;3;2;1
57;O3;M;1;1;2
58;O3;M;1;1;1
59;O3;F;3;1;3
60;O3;F;1;1;2
61;O3;M;1;1;2
62;O3;F;1;2;1
63;O3;M;3;1;1
64;O3;F;2;3;2
65;O3;M;3;1;3
66;O3;M;1;3;3
67;O3;F;3;2;2
68;O3;F;1;2;2
69;O3;M;3;2;3
70;O3;F;2;1;2
71;O3;M;1;1;2
72;O3;F;2;3;2
73;O3;F;3;1;1
74;O3;M;3;3;3
75;O3;M;3;1;1
76;O3;M;2;3;2
77;O3;M;3;2;1
78;O3;M;3;3;3
79;O3;F;2;2;2
80;O3;F;2;3;1
81;O3;F;1;3;2

[PREFERENCIAS]
# En esta familia P=7, por lo que cada estudiante tiene 7 preferencias
estudiante;preferencia_1;preferencia_2;preferencia_3;preferencia_4;preferencia_5;preferencia_6;preferencia_7
1;20;76;40;55;75;22;56
2;51;3;71;48;26;77;34
3;46;29;54;72;20;11;42
4;38;80;60;8;41;11;15
5;52;79;45;58;62;80;63
6;10;65;32;51;62;30;54
7;51;48;70;80;31;11;21
8;77;48;28;31;71;14;5
9;31;3;75;19;32;27;46
10;60;70;52;6;59;25;72
11;10;3;59;48;78;53;30
12;71;80;7;38;55;51;1
13;9;4;54;30;15;45;58
14;32;31;68;40;55;76;60
15;36;22;23;67;25;79;17
16;41;65;9;55;19;77;18
17;66;11;3;78;38;68;41
18;67;44;64;45;35;42;66
19;69;38;22;14;36;2;75
20;37;33;11;25;24;12;51
21;77;7;14;48;34;38;78
22;15;74;63;8;53;35;1
23;4;77;35;7;15;49;22
24;55;5;72;31;67;77;74
25;41;23;49;60;29;74;71
26;61;76;22;65;78;30;44
27;33;35;34;31;58;14;72
28;36;44;1;42;51;48;75
29;28;26;73;64;76;58;53
30;62;59;1;32;52;71;12
31;52;32;17;41;66;20;70
32;63;74;33;54;68;61;12
33;14;67;7;77;2;44;16
34;78;36;35;80;68;21;12
35;77;26;70;13;15;62;29
36;65;59;69;29;5;31;3
37;66;20;45;57;52;68;9
38;13;20;80;54;59;36;34
39;13;41;48;44;59;74;50
40;9;18;64;42;41;31;8
41;56;51;66;42;67;75;24
42;45;69;55;15;25;27;54
43;12;7;47;21;42;27;62
44;6;29;11;17;56;69;65
45;80;17;54;21;40;78;55
46;24;50;15;35;61;72;60
47;32;6;45;61;62;68;29
48;26;53;80;12;11;2;55
49;30;45;59;12;35;9;78
50;26;10;11;53;54;66;17
51;47;19;56;68;77;1;75
52;57;39;13;60;54;21;70
53;34;11;9;65;20;27;81
54;76;4;32;71;8;29;67
55;39;48;9;67;28;2;72
56;65;49;53;36;76;69;51
57;21;53;38;61;4;66;52
58;21;73;64;44;37;53;6
59;23;2;21;77;50;67;20
60;75;66;55;48;3;25;33
61;9;66;31;42;19;2;60
62;79;19;22;4;54;24;70
63;26;49;75;40;41;25;31
64;24;37;8;39;16;72;48
65;79;13;64;2;12;74;18
66;43;39;63;54;47;65;67
67;65;48;37;47;33;72;76
68;55;67;75;44;39;60;26
69;72;30;74;1;49;17;71
70;71;38;46;55;76;44;68
71;16;46;8;36;50;30;44
72;80;65;17;76;81;36;29
73;31;39;45;54;46;22;41
74;22;23;37;19;56;31;65
75;46;32;68;28;38;27;55
76;9;75;41;58;57;51;18
77;14;17;67;61;42;47;13
78;40;47;33;24;42;4;61
79;16;38;59;75;52;40;50
80;7;59;28;57;58;75;32
81;80;64;16;14;77;72;36

[SEPARACIONES]
estudiante_i;estudiante_j
1;26
2;14
4;74
5;14
7;58
11;64
12;41
13;17
20;36
24;81
27;60
30;65
38;39
38;50
45;68
46;64
46;79
51;64
54;69
63;66

[NOTAS]
generacion=aleatoria_controlada
preferencias_por_estudiante=P_fijo
genero=balanceado_dentro_de_cada_curso_de_origen
criterios_perfil=sorteados_de_forma_independiente
separaciones=aprox_N_div_4
estado=instancia_de_experimento
pesos_funcion_objetivo=no_incluidos_en_la_instancia
factibilidad=se_uso_una_asignacion_testigo_solo_para_generar_la_instancia
