# ------------------------------------------------------------
# Instancia sintetica para pruebas del modelo exacto
# L = 27 estudiantes por curso
# P = 7 preferencias por estudiante
# C = 3 cursos nuevos
# Total = 81 estudiantes
# ------------------------------------------------------------

# INSTANCIA DE REASIGNACION DE ESTUDIANTES
# Este archivo contiene los datos de entrada de la instancia. La solucion se guarda aparte.

[INSTANCIA]
nombre=c_n_27_l_7_s_3_i_2
semilla=70447
N=81
C=3
L=27
P=7

[CURSOS_NUEVOS]
curso;capacidad
1;27
2;27
3;27

[BALANCE_GENERO]
grupos=F,M
diferencia_maxima=1

[CURSOS_ORIGEN]
cursos_origen=O1,O2,O3
minimo_O1=8
minimo_O2=8
minimo_O3=8

[CRITERIOS_BALANCE]
criterios=academico,socioemocional,convivencia
niveles=1,2,3

[ESTUDIANTES]
estudiante;curso_origen;genero;academico;socioemocional;convivencia
1;O1;M;2;1;3
2;O1;M;3;2;3
3;O1;M;1;1;1
4;O1;F;2;1;2
5;O1;M;1;2;3
6;O1;M;2;2;1
7;O1;M;2;2;1
8;O1;M;2;2;2
9;O1;F;2;3;3
10;O1;M;3;3;3
11;O1;F;3;2;1
12;O1;M;1;3;1
13;O1;F;3;2;1
14;O1;M;3;3;2
15;O1;F;2;2;3
16;O1;F;1;2;1
17;O1;F;1;3;2
18;O1;F;1;1;3
19;O1;M;1;3;2
20;O1;M;2;1;3
21;O1;F;3;1;2
22;O1;F;1;2;1
23;O1;F;2;2;1
24;O1;F;2;1;3
25;O1;M;3;2;2
26;O1;M;1;1;2
27;O1;F;1;3;1
28;O2;M;1;3;2
29;O2;M;1;1;1
30;O2;F;3;2;1
31;O2;F;2;3;3
32;O2;F;1;2;2
33;O2;F;1;2;3
34;O2;F;2;3;3
35;O2;F;3;2;1
36;O2;F;3;3;2
37;O2;M;3;2;3
38;O2;F;1;1;1
39;O2;F;2;3;3
40;O2;M;3;3;2
41;O2;M;1;1;3
42;O2;F;2;2;3
43;O2;M;3;1;3
44;O2;F;1;2;1
45;O2;F;1;1;1
46;O2;M;2;1;3
47;O2;M;1;3;1
48;O2;M;1;3;2
49;O2;M;2;2;3
50;O2;M;1;3;1
51;O2;M;2;2;1
52;O2;M;1;3;1
53;O2;F;1;3;2
54;O2;M;1;2;1
55;O3;F;3;1;1
56;O3;F;2;3;3
57;O3;F;1;2;2
58;O3;M;1;2;3
59;O3;M;2;2;2
60;O3;F;1;3;1
61;O3;M;1;1;2
62;O3;M;2;3;3
63;O3;M;2;3;3
64;O3;F;3;3;1
65;O3;M;1;3;3
66;O3;M;3;2;2
67;O3;M;2;1;2
68;O3;M;2;2;2
69;O3;M;1;2;3
70;O3;F;2;2;2
71;O3;F;1;3;1
72;O3;M;3;2;1
73;O3;F;1;1;2
74;O3;F;3;1;1
75;O3;M;3;2;1
76;O3;F;3;1;2
77;O3;M;1;3;2
78;O3;F;1;3;2
79;O3;F;1;3;2
80;O3;M;3;1;3
81;O3;F;1;1;2

[PREFERENCIAS]
# En esta familia P=7, por lo que cada estudiante tiene 7 preferencias
estudiante;preferencia_1;preferencia_2;preferencia_3;preferencia_4;preferencia_5;preferencia_6;preferencia_7
1;48;70;59;38;32;65;15
2;70;51;41;50;69;78;36
3;41;12;62;37;8;27;6
4;2;33;30;64;34;27;61
5;55;23;63;38;66;3;56
6;46;44;66;40;19;27;26
7;57;75;49;20;35;31;74
8;57;22;68;19;42;59;34
9;50;75;3;70;38;74;64
10;34;43;58;6;74;39;61
11;58;3;15;69;52;23;29
12;66;76;80;7;68;10;44
13;25;58;23;1;20;40;49
14;21;10;30;53;57;61;9
15;9;58;50;23;12;71;73
16;65;24;55;3;34;77;29
17;36;79;59;67;73;23;3
18;23;46;14;30;45;75;71
19;38;81;52;62;46;58;37
20;16;63;24;21;28;25;4
21;60;6;16;80;18;40;42
22;34;55;10;33;49;37;12
23;39;53;43;75;52;2;51
24;61;5;9;48;14;16;8
25;69;21;23;67;39;29;41
26;15;66;43;17;63;76;75
27;45;41;39;19;28;68;31
28;70;58;55;1;43;17;80
29;63;79;61;81;40;9;45
30;14;23;26;75;7;8;25
31;21;41;76;34;13;75;60
32;75;67;55;43;12;63;14
33;45;62;64;54;70;57;15
34;16;66;26;17;33;81;72
35;4;37;11;36;49;61;12
36;58;33;4;68;24;65;61
37;33;35;59;16;19;21;5
38;49;24;42;48;25;71;17
39;15;49;69;14;66;9;44
40;38;28;7;27;59;2;56
41;46;47;6;31;30;52;55
42;75;23;74;79;31;32;20
43;6;20;57;30;60;7;59
44;74;77;4;52;48;47;30
45;56;30;35;34;69;5;12
46;53;18;51;77;79;14;4
47;12;3;7;54;18;9;19
48;33;46;28;21;9;34;58
49;64;78;53;22;56;68;45
50;30;33;23;68;41;57;5
51;80;63;74;35;73;59;44
52;25;63;27;21;49;50;28
53;2;32;26;21;24;60;77
54;55;24;70;46;73;19;52
55;46;25;4;7;73;3;81
56;48;78;67;57;46;25;70
57;79;8;28;65;24;48;21
58;24;48;21;22;64;51;46
59;51;61;22;69;23;25;43
60;30;22;47;37;27;55;57
61;57;27;30;2;77;34;49
62;53;57;20;58;42;40;2
63;58;40;73;76;66;19;71
64;37;39;74;78;52;6;76
65;25;12;24;1;75;51;77
66;72;1;25;43;17;68;79
67;51;28;55;15;1;79;34
68;76;19;16;55;58;43;61
69;8;43;10;71;7;49;37
70;20;23;32;18;81;7;51
71;17;42;61;75;56;2;4
72;12;42;27;79;8;66;47
73;72;22;75;69;15;54;5
74;1;21;79;71;75;48;17
75;38;80;78;20;14;63;40
76;2;14;9;22;81;35;77
77;21;16;58;37;57;39;65
78;41;50;81;56;12;19;15
79;54;31;17;35;73;81;15
80;23;43;56;28;34;19;33
81;11;10;74;63;19;51;5

[SEPARACIONES]
estudiante_i;estudiante_j
2;79
7;35
8;18
13;68
13;79
18;55
20;23
20;70
23;59
24;67
24;76
25;79
31;47
33;34
34;35
42;50
52;56
56;80
65;72
69;72

[NOTAS]
generacion=aleatoria_controlada
preferencias_por_estudiante=P_fijo
genero=balanceado_dentro_de_cada_curso_de_origen
criterios_perfil=sorteados_de_forma_independiente
separaciones=aprox_N_div_4
estado=instancia_de_experimento
pesos_funcion_objetivo=no_incluidos_en_la_instancia
factibilidad=se_uso_una_asignacion_testigo_solo_para_generar_la_instancia
