# ------------------------------------------------------------
# Instancia sintetica para pruebas del modelo exacto
# L = 18 estudiantes por curso
# P = 7 preferencias por estudiante
# C = 4 cursos nuevos
# Total = 72 estudiantes
# ------------------------------------------------------------

# INSTANCIA DE REASIGNACION DE ESTUDIANTES
# Este archivo contiene los datos de entrada de la instancia. La solucion se guarda aparte.

[INSTANCIA]
nombre=c_n_18_l_7_s_4_i_0
semilla=70507
N=72
C=4
L=18
P=7

[CURSOS_NUEVOS]
curso;capacidad
1;18
2;18
3;18
4;18

[BALANCE_GENERO]
grupos=F,M
diferencia_maxima=1

[CURSOS_ORIGEN]
cursos_origen=O1,O2,O3,O4
minimo_O1=3
minimo_O2=3
minimo_O3=3
minimo_O4=3

[CRITERIOS_BALANCE]
criterios=academico,socioemocional,convivencia
niveles=1,2,3

[ESTUDIANTES]
estudiante;curso_origen;genero;academico;socioemocional;convivencia
1;O1;F;2;3;3
2;O1;M;2;1;1
3;O1;F;2;1;2
4;O1;F;2;3;2
5;O1;M;3;1;3
6;O1;M;3;2;2
7;O1;F;2;2;1
8;O1;M;3;2;1
9;O1;F;3;1;3
10;O1;F;3;3;1
11;O1;F;3;3;3
12;O1;F;1;2;1
13;O1;F;2;2;3
14;O1;M;2;2;2
15;O1;M;3;1;2
16;O1;M;2;3;1
17;O1;M;1;1;3
18;O1;M;1;2;3
19;O2;M;2;3;3
20;O2;M;1;2;1
21;O2;F;1;1;1
22;O2;M;2;2;1
23;O2;F;3;2;3
24;O2;F;2;3;2
25;O2;F;2;1;3
26;O2;M;2;3;1
27;O2;M;2;1;2
28;O2;F;2;1;2
29;O2;F;1;2;3
30;O2;M;3;3;2
31;O2;F;1;3;1
32;O2;F;1;2;1
33;O2;M;1;2;3
34;O2;F;1;1;1
35;O2;M;3;1;1
36;O2;M;2;3;2
37;O3;F;2;1;1
38;O3;F;2;2;3
39;O3;M;2;1;3
40;O3;F;2;2;2
41;O3;F;1;2;1
42;O3;M;3;3;3
43;O3;M;2;2;3
44;O3;M;1;1;3
45;O3;M;3;2;3
46;O3;M;1;3;3
47;O3;M;1;2;1
48;O3;F;1;1;3
49;O3;F;3;1;2
50;O3;M;1;2;1
51;O3;F;3;3;3
52;O3;M;3;1;1
53;O3;F;1;3;1
54;O3;F;3;1;3
55;O4;F;2;2;2
56;O4;M;2;1;3
57;O4;F;1;3;1
58;O4;M;2;3;3
59;O4;F;1;3;2
60;O4;M;3;2;1
61;O4;F;1;1;1
62;O4;M;2;2;1
63;O4;M;2;3;1
64;O4;M;1;2;1
65;O4;F;1;1;1
66;O4;M;3;2;2
67;O4;M;3;2;1
68;O4;F;3;1;3
69;O4;M;2;2;2
70;O4;F;3;2;2
71;O4;F;1;2;1
72;O4;F;2;1;2

[PREFERENCIAS]
# En esta familia P=7, por lo que cada estudiante tiene 7 preferencias
estudiante;preferencia_1;preferencia_2;preferencia_3;preferencia_4;preferencia_5;preferencia_6;preferencia_7
1;18;72;62;23;26;2;56
2;62;6;70;1;12;50;63
3;45;54;7;31;32;1;42
4;13;50;41;9;28;23;24
5;61;62;32;33;50;4;56
6;41;66;13;9;30;68;43
7;67;34;42;11;47;62;50
8;72;31;25;56;42;38;12
9;30;69;70;59;32;42;58
10;56;69;59;40;31;27;24
11;39;44;40;71;66;51;33
12;65;53;45;24;68;25;23
13;15;1;33;49;61;19;5
14;48;67;69;29;6;2;71
15;52;65;18;10;33;1;56
16;28;54;37;13;4;31;45
17;11;38;18;12;35;51;36
18;8;38;10;21;29;55;47
19;45;63;6;71;27;4;56
20;42;53;27;24;26;9;43
21;60;45;69;8;24;13;43
22;29;6;25;50;51;31;14
23;46;33;10;21;40;67;18
24;21;69;65;39;56;57;46
25;27;29;55;26;58;39;56
26;47;71;31;63;48;70;20
27;30;66;60;68;39;52;3
28;22;58;9;19;49;45;35
29;4;48;58;67;24;41;42
30;20;64;31;71;39;70;38
31;61;19;6;20;46;57;40
32;57;61;37;15;14;63;60
33;18;68;32;11;59;30;54
34;63;50;51;48;17;41;55
35;66;34;6;24;17;68;26
36;52;38;68;2;39;3;53
37;5;54;22;33;72;55;50
38;2;37;3;11;69;71;33
39;72;24;61;48;29;58;54
40;67;32;20;69;70;56;19
41;11;65;26;28;9;54;47
42;23;35;62;71;31;30;69
43;61;30;52;25;53;68;57
44;72;12;39;19;41;67;13
45;12;38;11;27;62;50;24
46;37;55;70;15;57;22;11
47;31;64;53;54;68;24;65
48;46;47;12;24;40;16;50
49;61;2;72;60;58;12;35
50;39;20;34;19;40;51;62
51;47;53;30;7;48;19;40
52;25;40;29;66;28;3;31
53;72;28;58;56;67;48;26
54;51;2;11;43;36;72;19
55;19;24;12;42;41;59;7
56;63;4;44;21;54;8;9
57;32;31;71;14;11;18;1
58;59;72;63;57;60;54;45
59;33;45;29;31;43;23;44
60;13;66;72;55;69;45;31
61;27;66;49;3;30;54;45
62;68;33;10;56;13;36;61
63;13;50;6;65;24;15;62
64;71;26;21;2;3;55;10
65;33;17;50;48;19;72;44
66;15;51;23;31;57;27;33
67;33;14;28;51;30;45;61
68;1;3;65;5;11;8;43
69;61;47;33;48;42;71;57
70;48;30;36;54;62;45;47
71;61;66;60;6;56;16;48
72;13;16;60;58;56;12;64

[SEPARACIONES]
estudiante_i;estudiante_j
2;23
5;27
8;71
10;29
15;45
15;52
20;52
21;43
26;36
29;40
33;41
41;67
42;52
47;63
52;58
59;69
68;71
69;71

[NOTAS]
generacion=aleatoria_controlada
preferencias_por_estudiante=P_fijo
genero=balanceado_dentro_de_cada_curso_de_origen
criterios_perfil=sorteados_de_forma_independiente
separaciones=aprox_N_div_4
estado=instancia_de_experimento
pesos_funcion_objetivo=no_incluidos_en_la_instancia
factibilidad=se_uso_una_asignacion_testigo_solo_para_generar_la_instancia
