# ------------------------------------------------------------
# Instancia sintetica para pruebas del modelo exacto
# L = 18 estudiantes por curso
# P = 7 preferencias por estudiante
# C = 4 cursos nuevos
# Total = 72 estudiantes
# ------------------------------------------------------------

# INSTANCIA DE REASIGNACION DE ESTUDIANTES
# Este archivo contiene los datos de entrada de la instancia. La solucion se guarda aparte.

[INSTANCIA]
nombre=c_n_18_l_7_s_4_i_4
semilla=70535
N=72
C=4
L=18
P=7

[CURSOS_NUEVOS]
curso;capacidad
1;18
2;18
3;18
4;18

[BALANCE_GENERO]
grupos=F,M
diferencia_maxima=1

[CURSOS_ORIGEN]
cursos_origen=O1,O2,O3,O4
minimo_O1=3
minimo_O2=3
minimo_O3=3
minimo_O4=3

[CRITERIOS_BALANCE]
criterios=academico,socioemocional,convivencia
niveles=1,2,3

[ESTUDIANTES]
estudiante;curso_origen;genero;academico;socioemocional;convivencia
1;O1;F;2;1;2
2;O1;F;2;3;1
3;O1;M;1;3;1
4;O1;F;3;1;2
5;O1;F;3;2;1
6;O1;F;2;3;3
7;O1;M;2;2;3
8;O1;M;2;3;1
9;O1;F;1;2;3
10;O1;M;1;1;2
11;O1;M;1;1;1
12;O1;M;2;1;1
13;O1;F;1;2;1
14;O1;M;1;3;2
15;O1;F;3;1;1
16;O1;F;2;2;3
17;O1;M;2;2;3
18;O1;M;3;2;3
19;O2;M;2;3;3
20;O2;F;1;1;2
21;O2;M;1;1;2
22;O2;F;3;1;1
23;O2;M;3;2;2
24;O2;M;1;2;1
25;O2;M;1;2;3
26;O2;M;3;3;3
27;O2;F;3;2;3
28;O2;F;3;3;2
29;O2;F;2;2;1
30;O2;M;1;1;2
31;O2;F;1;3;1
32;O2;F;2;2;1
33;O2;F;3;3;1
34;O2;F;2;1;2
35;O2;M;3;3;2
36;O2;M;3;1;3
37;O3;F;3;1;1
38;O3;M;3;1;1
39;O3;F;1;1;3
40;O3;M;3;1;2
41;O3;M;2;1;2
42;O3;F;3;3;2
43;O3;M;3;1;1
44;O3;F;2;3;1
45;O3;M;1;2;2
46;O3;M;2;1;1
47;O3;F;1;2;2
48;O3;F;2;3;1
49;O3;M;3;2;3
50;O3;F;1;3;1
51;O3;M;1;3;1
52;O3;M;1;3;1
53;O3;F;2;1;2
54;O3;F;2;3;1
55;O4;M;2;1;3
56;O4;M;2;1;3
57;O4;M;3;3;2
58;O4;F;3;3;3
59;O4;M;2;3;3
60;O4;F;1;1;2
61;O4;F;1;1;1
62;O4;M;2;2;1
63;O4;F;3;2;3
64;O4;M;2;2;3
65;O4;F;2;3;1
66;O4;F;3;3;3
67;O4;F;1;2;2
68;O4;F;2;3;3
69;O4;M;2;2;1
70;O4;M;1;3;3
71;O4;F;2;3;3
72;O4;M;1;2;2

[PREFERENCIAS]
# En esta familia P=7, por lo que cada estudiante tiene 7 preferencias
estudiante;preferencia_1;preferencia_2;preferencia_3;preferencia_4;preferencia_5;preferencia_6;preferencia_7
1;36;6;16;42;69;35;13
2;45;59;19;8;53;9;24
3;16;56;45;10;50;2;62
4;63;2;45;60;68;44;30
5;31;17;6;65;63;45;27
6;12;14;58;17;15;71;27
7;36;12;3;64;63;51;39
8;50;11;42;54;3;25;56
9;58;19;5;39;54;12;49
10;39;70;51;60;2;46;27
11;25;35;59;30;63;68;38
12;22;5;7;65;62;2;18
13;56;21;28;29;35;52;36
14;7;59;48;39;36;17;66
15;25;51;16;11;36;61;3
16;17;50;46;51;27;65;62
17;22;41;36;48;49;63;13
18;54;30;50;35;6;38;12
19;14;40;33;42;56;51;27
20;18;52;26;65;19;22;45
21;48;44;14;66;35;19;49
22;13;49;28;64;47;8;59
23;53;64;18;35;50;52;4
24;5;25;33;13;60;51;53
25;17;9;27;52;48;72;28
26;55;45;24;1;30;58;48
27;22;51;69;18;26;36;66
28;69;10;37;60;17;51;38
29;11;69;64;37;3;54;47
30;50;14;49;68;9;23;38
31;72;48;24;2;40;64;23
32;70;58;13;23;17;56;67
33;17;46;37;57;31;62;9
34;55;2;41;37;51;56;43
35;6;31;53;7;11;26;14
36;60;59;39;34;46;26;32
37;27;59;35;30;50;12;64
38;61;71;46;59;13;15;12
39;59;24;65;14;26;31;1
40;54;31;52;59;12;23;64
41;43;51;45;29;64;60;30
42;4;12;68;51;48;64;57
43;26;63;60;52;35;62;22
44;31;45;17;1;20;66;34
45;6;32;11;69;30;4;67
46;21;9;56;6;24;31;47
47;62;70;56;71;4;46;12
48;16;42;40;19;27;34;70
49;2;1;26;33;14;44;28
50;35;9;26;45;47;12;15
51;13;34;45;60;2;10;54
52;61;69;49;55;41;67;4
53;11;51;34;2;31;16;50
54;12;19;48;37;71;49;29
55;19;3;35;39;45;15;69
56;11;63;6;64;37;53;7
57;26;36;7;15;56;33;46
58;34;48;27;19;22;72;33
59;47;14;2;68;23;61;17
60;58;39;41;11;55;65;3
61;30;27;19;33;70;49;69
62;29;7;55;63;17;60;59
63;57;19;34;8;26;23;46
64;68;65;14;35;5;42;49
65;55;19;18;59;35;37;41
66;28;1;24;17;9;7;65
67;49;70;40;68;46;64;65
68;69;41;29;40;28;47;36
69;50;11;71;47;53;1;32
70;43;61;32;54;71;11;12
71;34;8;37;48;28;25;45
72;65;23;28;2;19;36;69

[SEPARACIONES]
estudiante_i;estudiante_j
2;21
5;29
6;68
7;67
11;66
12;37
14;22
15;52
20;47
23;72
24;64
32;48
33;72
47;55
49;59
50;68
51;62
66;69

[NOTAS]
generacion=aleatoria_controlada
preferencias_por_estudiante=P_fijo
genero=balanceado_dentro_de_cada_curso_de_origen
criterios_perfil=sorteados_de_forma_independiente
separaciones=aprox_N_div_4
estado=instancia_de_experimento
pesos_funcion_objetivo=no_incluidos_en_la_instancia
factibilidad=se_uso_una_asignacion_testigo_solo_para_generar_la_instancia
