# ------------------------------------------------------------
# Instancia sintetica para pruebas del modelo exacto
# L = 18 estudiantes por curso
# P = 7 preferencias por estudiante
# C = 5 cursos nuevos
# Total = 90 estudiantes
# ------------------------------------------------------------

# INSTANCIA DE REASIGNACION DE ESTUDIANTES
# Este archivo contiene los datos de entrada de la instancia. La solucion se guarda aparte.

[INSTANCIA]
nombre=c_n_18_l_7_s_5_i_0
semilla=70608
N=90
C=5
L=18
P=7

[CURSOS_NUEVOS]
curso;capacidad
1;18
2;18
3;18
4;18
5;18

[BALANCE_GENERO]
grupos=F,M
diferencia_maxima=1

[CURSOS_ORIGEN]
cursos_origen=O1,O2,O3,O4,O5
minimo_O1=2
minimo_O2=2
minimo_O3=2
minimo_O4=2
minimo_O5=2

[CRITERIOS_BALANCE]
criterios=academico,socioemocional,convivencia
niveles=1,2,3

[ESTUDIANTES]
estudiante;curso_origen;genero;academico;socioemocional;convivencia
1;O1;F;3;1;2
2;O1;F;3;3;2
3;O1;F;2;3;2
4;O1;M;2;2;2
5;O1;M;1;3;3
6;O1;M;3;1;1
7;O1;F;2;1;2
8;O1;F;2;3;2
9;O1;F;2;1;3
10;O1;M;2;2;3
11;O1;M;2;3;2
12;O1;F;2;3;3
13;O1;M;3;2;1
14;O1;M;1;1;1
15;O1;M;2;3;3
16;O1;M;2;1;2
17;O1;F;2;3;3
18;O1;F;2;3;2
19;O2;M;3;1;2
20;O2;F;3;2;1
21;O2;M;1;2;1
22;O2;M;3;3;2
23;O2;M;2;1;2
24;O2;F;1;2;3
25;O2;F;1;1;3
26;O2;F;2;1;1
27;O2;M;3;2;2
28;O2;F;1;1;1
29;O2;M;3;2;1
30;O2;F;3;1;1
31;O2;M;1;3;1
32;O2;F;3;3;3
33;O2;M;3;3;1
34;O2;M;2;3;1
35;O2;F;1;1;1
36;O2;F;2;3;3
37;O3;M;1;3;1
38;O3;F;2;2;3
39;O3;F;3;1;1
40;O3;F;1;1;1
41;O3;M;2;1;3
42;O3;F;1;3;3
43;O3;M;2;2;3
44;O3;F;2;1;1
45;O3;M;3;3;3
46;O3;M;2;3;2
47;O3;M;2;1;1
48;O3;F;1;1;3
49;O3;F;3;2;2
50;O3;M;1;3;1
51;O3;F;2;3;2
52;O3;M;3;1;3
53;O3;F;1;1;2
54;O3;M;1;3;1
55;O4;F;1;1;3
56;O4;M;2;2;3
57;O4;F;3;2;2
58;O4;F;1;1;1
59;O4;M;2;2;3
60;O4;F;2;2;1
61;O4;M;2;3;3
62;O4;F;1;3;2
63;O4;F;3;1;3
64;O4;M;3;2;2
65;O4;M;1;2;3
66;O4;F;3;1;2
67;O4;M;3;1;1
68;O4;F;1;2;2
69;O4;M;2;3;2
70;O4;F;3;3;1
71;O4;M;3;3;3
72;O4;M;1;1;2
73;O5;F;2;3;1
74;O5;F;2;3;2
75;O5;F;1;3;2
76;O5;M;3;1;2
77;O5;F;3;2;3
78;O5;F;1;1;1
79;O5;M;1;3;1
80;O5;M;3;3;2
81;O5;F;1;2;2
82;O5;F;1;1;1
83;O5;M;3;1;2
84;O5;M;2;3;1
85;O5;M;2;3;1
86;O5;M;2;2;1
87;O5;M;2;2;1
88;O5;M;2;2;3
89;O5;F;1;1;1
90;O5;F;2;3;1

[PREFERENCIAS]
# En esta familia P=7, por lo que cada estudiante tiene 7 preferencias
estudiante;preferencia_1;preferencia_2;preferencia_3;preferencia_4;preferencia_5;preferencia_6;preferencia_7
1;17;2;52;10;54;89;26
2;19;71;61;81;82;13;59
3;13;62;78;83;33;10;70
4;13;42;19;84;15;62;30
5;15;54;69;46;90;84;57
6;39;48;7;70;9;29;57
7;56;86;49;22;23;40;38
8;32;26;75;6;70;69;5
9;29;15;55;21;32;31;90
10;68;7;8;80;44;24;63
11;81;60;2;63;88;74;42
12;59;21;8;22;4;83;78
13;87;43;9;33;32;42;84
14;56;17;50;8;74;67;82
15;59;63;36;24;74;77;55
16;24;61;85;52;86;59;60
17;45;88;14;31;80;19;65
18;5;57;63;60;22;27;39
19;45;42;88;55;90;56;51
20;77;86;54;32;4;10;71
21;69;60;51;18;23;87;85
22;65;16;23;47;4;77;80
23;55;86;38;6;87;60;5
24;55;29;76;26;68;11;90
25;31;11;51;4;26;16;60
26;30;75;65;5;87;61;66
27;73;82;8;5;2;37;41
28;24;74;68;84;81;19;78
29;75;50;86;56;20;60;57
30;19;31;33;5;70;76;52
31;2;64;26;86;90;16;30
32;88;77;4;59;44;8;81
33;27;24;36;69;28;31;76
34;40;10;22;64;84;46;1
35;44;65;76;16;67;51;50
36;77;12;57;66;59;67;47
37;73;68;47;58;17;46;51
38;74;88;71;29;61;58;34
39;34;30;64;4;10;51;25
40;80;16;71;11;63;29;15
41;48;3;51;14;44;80;79
42;24;77;54;79;8;66;38
43;79;35;12;45;51;55;81
44;15;34;74;27;19;88;46
45;78;33;77;64;30;5;82
46;57;12;40;49;81;3;36
47;58;14;67;6;17;23;41
48;43;80;79;68;76;40;33
49;41;6;48;16;28;57;84
50;34;81;12;28;51;88;72
51;27;32;65;76;49;38;66
52;88;71;85;63;86;18;65
53;42;40;31;2;75;60;81
54;75;57;9;55;86;82;51
55;64;66;86;77;17;35;29
56;21;82;53;79;83;1;20
57;33;66;26;88;37;9;68
58;11;28;6;21;62;70;46
59;44;29;45;66;78;25;72
60;21;39;52;19;51;41;59
61;67;30;46;1;43;3;88
62;49;33;16;60;15;86;13
63;50;74;79;20;51;18;90
64;46;39;34;29;30;90;79
65;66;51;87;54;48;81;46
66;72;7;12;34;14;19;52
67;56;64;87;23;26;18;63
68;24;54;5;51;73;12;60
69;82;34;33;57;83;11;42
70;38;85;3;2;79;64;83
71;57;30;85;16;58;42;62
72;84;19;30;13;74;45;70
73;28;60;71;11;32;59;2
74;8;60;35;28;64;17;78
75;6;76;16;90;25;35;33
76;39;12;1;70;43;22;68
77;15;30;28;81;72;31;43
78;37;16;54;22;58;81;32
79;68;21;6;28;84;76;1
80;64;26;65;18;43;66;58
81;32;87;82;90;73;59;13
82;6;50;86;53;11;70;58
83;51;12;16;21;7;80;67
84;12;63;19;80;46;50;9
85;77;59;8;52;39;68;64
86;35;20;90;13;22;43;63
87;31;83;32;62;13;22;10
88;71;44;8;47;81;10;6
89;84;56;12;1;44;80;28
90;34;37;48;45;41;87;57

[SEPARACIONES]
estudiante_i;estudiante_j
3;37
7;26
12;73
13;17
15;53
15;84
16;64
18;37
20;71
21;46
22;49
23;82
24;61
27;33
29;44
41;54
44;69
47;80
50;54
53;66
54;72
62;63

[NOTAS]
generacion=aleatoria_controlada
preferencias_por_estudiante=P_fijo
genero=balanceado_dentro_de_cada_curso_de_origen
criterios_perfil=sorteados_de_forma_independiente
separaciones=aprox_N_div_4
estado=instancia_de_experimento
pesos_funcion_objetivo=no_incluidos_en_la_instancia
factibilidad=se_uso_una_asignacion_testigo_solo_para_generar_la_instancia
