# ------------------------------------------------------------
# Instancia sintetica para pruebas del modelo exacto
# L = 36 estudiantes por curso
# P = 7 preferencias por estudiante
# C = 4 cursos nuevos
# Total = 144 estudiantes
# ------------------------------------------------------------

# INSTANCIA DE REASIGNACION DE ESTUDIANTES
# Este archivo contiene los datos de entrada de la instancia. La solucion se guarda aparte.

[INSTANCIA]
nombre=c_n_36_l_7_s_4_i_4
semilla=70589
N=144
C=4
L=36
P=7

[CURSOS_NUEVOS]
curso;capacidad
1;36
2;36
3;36
4;36

[BALANCE_GENERO]
grupos=F,M
diferencia_maxima=1

[CURSOS_ORIGEN]
cursos_origen=O1,O2,O3,O4
minimo_O1=8
minimo_O2=8
minimo_O3=8
minimo_O4=8

[CRITERIOS_BALANCE]
criterios=academico,socioemocional,convivencia
niveles=1,2,3

[ESTUDIANTES]
estudiante;curso_origen;genero;academico;socioemocional;convivencia
1;O1;M;3;2;1
2;O1;M;3;2;2
3;O1;F;2;2;1
4;O1;M;3;3;1
5;O1;F;2;2;3
6;O1;F;3;1;1
7;O1;F;3;3;1
8;O1;F;3;2;2
9;O1;F;2;1;1
10;O1;F;1;2;3
11;O1;M;1;2;3
12;O1;M;2;3;3
13;O1;M;2;1;1
14;O1;M;1;3;2
15;O1;M;3;3;3
16;O1;F;3;2;3
17;O1;F;1;1;2
18;O1;M;2;2;1
19;O1;F;3;1;3
20;O1;M;2;1;1
21;O1;F;3;2;1
22;O1;F;3;3;2
23;O1;M;1;3;3
24;O1;M;2;1;3
25;O1;F;3;1;2
26;O1;F;3;1;2
27;O1;F;2;3;1
28;O1;F;3;3;1
29;O1;M;2;2;1
30;O1;M;3;1;1
31;O1;M;2;3;1
32;O1;F;2;3;3
33;O1;M;2;2;3
34;O1;M;1;1;3
35;O1;F;1;1;3
36;O1;M;1;3;1
37;O2;F;1;3;1
38;O2;M;1;3;1
39;O2;F;2;2;1
40;O2;M;2;3;2
41;O2;F;1;2;2
42;O2;F;2;3;2
43;O2;F;2;1;1
44;O2;F;3;1;1
45;O2;F;3;3;1
46;O2;M;2;3;1
47;O2;F;3;1;1
48;O2;F;2;2;2
49;O2;M;3;3;3
50;O2;M;1;2;1
51;O2;M;1;2;1
52;O2;F;3;1;1
53;O2;M;3;3;2
54;O2;F;2;2;1
55;O2;M;2;2;1
56;O2;F;1;1;3
57;O2;M;2;2;1
58;O2;M;3;1;2
59;O2;M;3;2;3
60;O2;F;2;3;1
61;O2;M;3;1;3
62;O2;M;1;3;2
63;O2;F;2;1;2
64;O2;M;2;3;1
65;O2;M;3;3;1
66;O2;M;3;2;1
67;O2;F;1;1;1
68;O2;M;1;3;2
69;O2;F;2;2;3
70;O2;F;2;2;3
71;O2;F;1;1;3
72;O2;M;1;1;1
73;O3;M;2;1;2
74;O3;M;2;3;3
75;O3;F;3;2;2
76;O3;F;1;3;3
77;O3;F;1;3;3
78;O3;M;3;2;1
79;O3;F;2;3;1
80;O3;F;1;2;1
81;O3;F;1;1;1
82;O3;F;2;2;2
83;O3;F;1;1;1
84;O3;M;2;2;2
85;O3;M;1;1;2
86;O3;M;2;2;2
87;O3;F;2;3;1
88;O3;F;3;2;3
89;O3;M;3;1;1
90;O3;F;1;2;1
91;O3;M;1;3;1
92;O3;M;3;2;2
93;O3;F;3;2;2
94;O3;M;3;2;2
95;O3;M;1;1;2
96;O3;F;3;1;2
97;O3;F;1;1;1
98;O3;M;2;2;2
99;O3;F;3;3;2
100;O3;M;1;1;3
101;O3;M;1;2;2
102;O3;F;3;1;3
103;O3;M;3;2;3
104;O3;M;3;3;2
105;O3;M;2;1;2
106;O3;F;1;1;2
107;O3;M;2;1;1
108;O3;F;3;1;2
109;O4;F;3;3;3
110;O4;F;3;2;2
111;O4;M;2;3;3
112;O4;M;2;2;3
113;O4;M;3;2;3
114;O4;M;2;1;2
115;O4;M;1;2;2
116;O4;F;2;1;2
117;O4;F;3;1;3
118;O4;F;2;3;2
119;O4;F;2;3;3
120;O4;F;3;3;2
121;O4;M;1;3;2
122;O4;M;1;1;1
123;O4;F;3;3;3
124;O4;M;2;1;1
125;O4;F;1;1;3
126;O4;F;3;3;1
127;O4;F;3;2;1
128;O4;M;2;3;3
129;O4;M;3;3;2
130;O4;M;3;1;1
131;O4;F;1;1;2
132;O4;M;3;3;2
133;O4;F;3;2;2
134;O4;M;2;2;2
135;O4;M;3;1;2
136;O4;F;2;3;2
137;O4;M;2;3;1
138;O4;F;1;3;1
139;O4;M;3;2;2
140;O4;F;1;3;2
141;O4;F;1;3;2
142;O4;F;3;1;1
143;O4;M;1;1;3
144;O4;M;1;1;3

[PREFERENCIAS]
# En esta familia P=7, por lo que cada estudiante tiene 7 preferencias
estudiante;preferencia_1;preferencia_2;preferencia_3;preferencia_4;preferencia_5;preferencia_6;preferencia_7
1;27;116;61;43;30;110;56
2;15;92;81;109;82;51;97
3;109;113;14;95;58;12;99
4;19;78;45;66;76;77;12
5;88;70;128;123;74;143;119
6;54;66;125;113;58;15;56
7;46;4;29;33;113;117;32
8;59;64;34;128;109;130;38
9;75;110;97;19;40;24;50
10;74;101;49;36;123;80;84
11;41;77;93;142;125;116;83
12;49;73;84;125;81;68;3
13;100;95;16;93;59;72;38
14;125;104;131;98;95;36;26
15;118;46;5;49;16;78;121
16;75;25;102;127;89;133;63
17;1;79;61;113;49;7;80
18;119;85;125;102;33;94;80
19;35;135;139;64;144;116;65
20;6;123;22;46;29;104;12
21;136;7;52;73;19;86;9
22;122;88;74;19;85;43;27
23;99;109;51;128;6;45;3
24;110;111;116;132;133;71;136
25;1;91;30;41;19;27;72
26;94;84;4;72;123;118;102
27;97;41;103;86;140;39;129
28;86;78;15;37;17;19;8
29;121;75;9;38;33;132;34
30;134;86;24;88;144;21;67
31;131;70;125;96;107;60;44
32;94;143;51;125;2;75;107
33;88;142;102;40;101;115;103
34;76;50;15;87;108;22;32
35;95;123;109;41;65;11;99
36;13;72;66;128;77;15;140
37;77;137;138;133;42;78;3
38;62;104;78;32;137;45;16
39;27;135;72;117;40;15;124
40;54;87;68;31;108;128;114
41;129;34;35;108;134;80;137
42;86;56;12;84;81;123;14
43;102;20;126;109;138;105;97
44;107;97;141;88;71;30;105
45;80;103;19;100;28;66;29
46;33;54;15;132;124;123;105
47;129;50;92;31;66;97;6
48;90;105;130;102;56;117;97
49;114;53;52;143;131;54;60
50;55;121;60;143;132;65;63
51;113;110;46;119;137;128;99
52;74;48;34;128;40;71;101
53;14;95;138;71;113;67;130
54;15;98;91;39;62;121;29
55;131;21;81;76;100;118;95
56;67;127;129;108;95;133;82
57;51;39;46;72;95;132;66
58;60;66;74;55;124;134;3
59;74;86;77;61;38;121;52
60;125;87;1;62;119;94;41
61;105;99;117;120;32;131;87
62;19;113;98;53;136;12;38
63;44;37;21;81;139;116;104
64;68;95;65;136;135;31;137
65;118;122;141;94;52;18;30
66;112;22;104;21;101;39;121
67;86;4;37;51;128;25;118
68;85;67;127;104;128;123;49
69;12;102;38;109;2;4;52
70;57;139;126;5;76;114;32
71;89;83;140;87;57;11;99
72;55;94;71;106;66;96;57
73;65;3;40;94;9;144;92
74;56;104;71;94;58;95;36
75;140;80;119;114;107;30;109
76;92;72;67;97;82;26;84
77;73;25;51;14;104;137;20
78;131;28;108;22;107;94;4
79;50;133;129;78;29;84;113
80;96;139;48;49;26;47;28
81;122;114;110;131;134;11;10
82;3;42;91;55;27;37;109
83;103;119;22;27;25;41;18
84;67;27;57;93;60;134;108
85;58;114;140;7;36;6;59
86;6;87;17;85;126;26;125
87;69;15;137;132;133;114;96
88;21;42;76;68;80;73;112
89;111;108;15;40;51;123;23
90;39;38;98;23;10;40;103
91;1;25;101;116;24;65;105
92;17;114;115;16;122;101;102
93;126;1;20;29;135;59;16
94;125;56;87;82;128;133;45
95;119;132;76;24;131;43;37
96;142;135;13;67;53;12;23
97;83;55;61;130;73;47;129
98;100;35;11;50;14;136;79
99;142;67;26;8;46;62;140
100;2;42;120;98;37;29;54
101;122;32;108;68;119;48;30
102;97;41;76;134;49;35;95
103;80;125;34;22;107;102;66
104;57;103;121;136;92;94;62
105;62;31;25;65;107;24;54
106;29;97;11;95;117;13;18
107;130;123;98;115;26;119;105
108;127;7;74;57;120;128;91
109;101;52;41;105;131;31;7
110;70;63;141;21;60;116;54
111;101;139;77;81;125;85;2
112;107;102;73;8;9;130;32
113;6;45;104;89;18;97;33
114;86;42;11;123;53;99;2
115;59;66;136;30;37;139;75
116;57;80;28;31;103;38;63
117;124;17;71;1;13;62;46
118;114;24;91;3;46;120;12
119;106;28;44;132;87;56;37
120;67;121;32;87;85;142;1
121;63;128;125;112;116;52;21
122;93;87;96;55;90;24;37
123;90;66;77;68;1;80;51
124;26;28;52;140;82;111;143
125;79;119;49;89;107;73;29
126;135;85;76;47;129;28;82
127;110;44;89;12;25;21;6
128;59;81;32;69;96;49;38
129;72;109;75;91;15;36;90
130;124;17;143;80;84;141;100
131;31;91;20;74;21;2;78
132;61;103;34;66;143;57;35
133;81;139;8;22;19;89;52
134;75;42;138;46;61;64;27
135;3;10;58;80;92;85;108
136;22;20;84;26;67;17;141
137;31;48;33;128;96;94;42
138;51;19;40;48;88;86;111
139;115;120;119;34;10;114;49
140;72;84;3;97;83;58;108
141;46;21;112;68;14;67;62
142;64;18;52;120;66;109;73
143;26;3;100;11;121;25;115
144;140;41;21;37;123;134;113

[SEPARACIONES]
estudiante_i;estudiante_j
2;27
4;97
7;31
7;78
8;55
10;140
11;17
11;54
13;41
14;134
17;65
19;29
19;101
21;81
22;69
25;112
41;107
42;132
44;93
46;55
46;58
46;82
47;81
50;62
50;130
61;117
64;136
67;124
77;102
80;129
88;143
91;132
98;136
115;125
125;135
127;133

[NOTAS]
generacion=aleatoria_controlada
preferencias_por_estudiante=P_fijo
genero=balanceado_dentro_de_cada_curso_de_origen
criterios_perfil=sorteados_de_forma_independiente
separaciones=aprox_N_div_4
estado=instancia_de_experimento
pesos_funcion_objetivo=no_incluidos_en_la_instancia
factibilidad=se_uso_una_asignacion_testigo_solo_para_generar_la_instancia
