# ------------------------------------------------------------
# Instancia sintetica para pruebas del modelo exacto
# L = 36 estudiantes por curso
# P = 7 preferencias por estudiante
# C = 2 cursos nuevos
# Total = 72 estudiantes
# ------------------------------------------------------------

# INSTANCIA DE REASIGNACION DE ESTUDIANTES
# Este archivo contiene los datos de entrada de la instancia. La solucion se guarda aparte.

[INSTANCIA]
nombre=c_n_36_l_7_s_2_i_3
semilla=70380
N=72
C=2
L=36
P=7

[CURSOS_NUEVOS]
curso;capacidad
1;36
2;36

[BALANCE_GENERO]
grupos=F,M
diferencia_maxima=1

[CURSOS_ORIGEN]
cursos_origen=O1,O2
minimo_O1=17
minimo_O2=17

[CRITERIOS_BALANCE]
criterios=academico,socioemocional,convivencia
niveles=1,2,3

[ESTUDIANTES]
estudiante;curso_origen;genero;academico;socioemocional;convivencia
1;O1;M;2;3;2
2;O1;F;1;2;1
3;O1;F;3;2;1
4;O1;F;1;2;1
5;O1;M;2;3;2
6;O1;F;1;2;3
7;O1;F;2;1;3
8;O1;F;2;1;2
9;O1;F;1;2;2
10;O1;F;1;1;2
11;O1;F;1;2;3
12;O1;M;2;3;2
13;O1;M;2;1;1
14;O1;M;1;2;2
15;O1;F;2;3;2
16;O1;F;1;2;2
17;O1;M;3;3;2
18;O1;M;1;1;1
19;O1;M;2;3;1
20;O1;M;1;1;2
21;O1;M;3;3;3
22;O1;F;2;3;2
23;O1;M;3;1;3
24;O1;M;3;1;1
25;O1;F;3;1;3
26;O1;M;2;1;2
27;O1;M;2;3;1
28;O1;F;1;3;3
29;O1;F;3;2;1
30;O1;M;2;1;3
31;O1;M;2;2;2
32;O1;M;1;1;1
33;O1;F;1;3;3
34;O1;M;3;2;2
35;O1;F;1;2;2
36;O1;F;2;2;3
37;O2;F;2;2;2
38;O2;M;2;3;2
39;O2;F;3;1;3
40;O2;M;1;1;1
41;O2;F;3;1;1
42;O2;F;3;2;3
43;O2;F;1;2;1
44;O2;M;3;3;3
45;O2;M;1;1;1
46;O2;M;1;1;1
47;O2;F;3;1;3
48;O2;F;1;1;3
49;O2;M;2;2;2
50;O2;M;3;1;2
51;O2;F;3;3;3
52;O2;F;1;3;1
53;O2;F;3;1;1
54;O2;F;3;2;1
55;O2;M;1;2;2
56;O2;F;1;3;3
57;O2;F;1;1;3
58;O2;M;3;2;2
59;O2;M;1;3;1
60;O2;M;2;2;1
61;O2;M;3;1;1
62;O2;F;3;1;3
63;O2;M;1;1;2
64;O2;M;1;2;2
65;O2;F;2;1;1
66;O2;F;2;1;2
67;O2;M;3;2;2
68;O2;F;1;2;1
69;O2;M;2;1;1
70;O2;M;3;2;3
71;O2;M;3;1;3
72;O2;F;3;2;1

[PREFERENCIAS]
# En esta familia P=7, por lo que cada estudiante tiene 7 preferencias
estudiante;preferencia_1;preferencia_2;preferencia_3;preferencia_4;preferencia_5;preferencia_6;preferencia_7
1;4;13;28;7;22;25;51
2;18;69;59;37;31;51;14
3;28;52;35;64;43;53;54
4;34;69;64;20;6;45;32
5;55;26;51;54;60;24;39
6;70;13;22;15;17;52;40
7;13;66;26;61;2;68;45
8;72;37;21;30;48;35;11
9;24;53;51;39;12;66;41
10;61;47;18;66;53;67;25
11;9;69;16;57;3;53;8
12;35;34;18;8;69;62;9
13;61;10;39;17;23;51;66
14;30;71;1;59;67;63;65
15;71;28;11;58;27;20;30
16;14;63;38;56;4;59;71
17;35;9;16;71;40;66;37
18;59;13;27;64;25;58;3
19;71;22;59;24;51;37;57
20;6;21;71;35;26;67;40
21;70;48;44;18;37;10;53
22;51;67;58;64;20;52;65
23;31;69;54;39;72;32;50
24;23;72;66;44;1;43;40
25;10;1;19;64;4;9;40
26;5;31;52;1;69;7;22
27;70;50;17;15;66;9;29
28;57;54;31;70;41;9;69
29;64;39;11;56;61;52;54
30;11;60;24;43;54;65;12
31;28;30;65;50;72;67;51
32;6;31;35;50;48;27;5
33;26;44;10;54;5;43;56
34;51;20;65;28;38;52;47
35;47;11;69;58;44;20;19
36;45;34;48;22;56;60;61
37;36;20;58;60;32;51;34
38;43;71;68;30;7;19;35
39;10;53;54;55;44;26;33
40;4;32;31;14;59;22;48
41;61;58;1;56;7;38;50
42;52;5;35;53;15;57;54
43;19;14;8;72;58;60;40
44;37;12;58;33;54;24;13
45;32;61;29;10;40;11;44
46;10;14;19;63;36;60;43
47;61;13;67;3;10;30;63
48;63;42;62;2;12;40;26
49;27;28;62;39;71;6;41
50;60;17;61;54;30;7;55
51;37;1;22;66;5;38;41
52;33;43;20;72;37;32;47
53;13;35;56;68;71;4;34
54;31;35;24;58;39;60;57
55;56;46;6;40;4;15;72
56;34;42;53;67;8;26;32
57;70;67;16;68;18;2;65
58;22;69;68;61;59;37;43
59;40;61;71;45;33;4;52
60;52;55;56;31;29;42;30
61;62;37;33;60;30;23;3
62;53;19;70;67;39;63;13
63;6;7;68;24;43;59;5
64;50;71;48;63;51;11;67
65;58;5;37;11;38;46;63
66;22;4;69;24;10;58;56
67;2;41;34;16;10;39;15
68;71;42;36;32;43;66;38
69;15;26;64;46;44;40;60
70;52;72;18;51;29;6;26
71;16;54;42;14;32;5;47
72;70;69;30;21;71;64;52

[SEPARACIONES]
estudiante_i;estudiante_j
2;6
2;24
5;50
6;9
8;65
13;60
24;43
26;64
26;71
27;35
30;34
31;41
32;72
36;46
39;44
39;67
49;57
56;58

[NOTAS]
generacion=aleatoria_controlada
preferencias_por_estudiante=P_fijo
genero=balanceado_dentro_de_cada_curso_de_origen
criterios_perfil=sorteados_de_forma_independiente
separaciones=aprox_N_div_4
estado=instancia_de_experimento
pesos_funcion_objetivo=no_incluidos_en_la_instancia
factibilidad=se_uso_una_asignacion_testigo_solo_para_generar_la_instancia
