# ------------------------------------------------------------
# Instancia sintetica para pruebas del modelo exacto
# L = 36 estudiantes por curso
# P = 7 preferencias por estudiante
# C = 2 cursos nuevos
# Total = 72 estudiantes
# ------------------------------------------------------------

# INSTANCIA DE REASIGNACION DE ESTUDIANTES
# Este archivo contiene los datos de entrada de la instancia. La solucion se guarda aparte.

[INSTANCIA]
nombre=c_n_36_l_7_s_2_i_9
semilla=70422
N=72
C=2
L=36
P=7

[CURSOS_NUEVOS]
curso;capacidad
1;36
2;36

[BALANCE_GENERO]
grupos=F,M
diferencia_maxima=1

[CURSOS_ORIGEN]
cursos_origen=O1,O2
minimo_O1=17
minimo_O2=17

[CRITERIOS_BALANCE]
criterios=academico,socioemocional,convivencia
niveles=1,2,3

[ESTUDIANTES]
estudiante;curso_origen;genero;academico;socioemocional;convivencia
1;O1;F;2;2;1
2;O1;M;2;1;2
3;O1;M;2;1;1
4;O1;F;3;2;2
5;O1;F;3;2;1
6;O1;F;2;1;3
7;O1;M;3;3;1
8;O1;M;2;3;1
9;O1;M;3;1;2
10;O1;F;1;1;3
11;O1;F;2;2;3
12;O1;M;3;3;3
13;O1;F;2;1;1
14;O1;F;3;3;3
15;O1;M;1;2;3
16;O1;M;2;1;2
17;O1;M;3;3;2
18;O1;F;2;2;2
19;O1;M;1;2;1
20;O1;F;2;1;3
21;O1;M;3;1;3
22;O1;M;3;3;3
23;O1;F;3;1;1
24;O1;M;1;3;1
25;O1;M;2;2;2
26;O1;M;2;1;2
27;O1;F;2;2;2
28;O1;F;3;1;1
29;O1;M;2;1;1
30;O1;F;3;1;2
31;O1;F;2;2;1
32;O1;F;2;3;3
33;O1;F;1;3;2
34;O1;M;1;1;2
35;O1;M;2;2;2
36;O1;F;1;1;3
37;O2;M;2;1;3
38;O2;M;1;3;1
39;O2;F;3;3;2
40;O2;F;2;3;3
41;O2;F;2;1;3
42;O2;M;2;2;2
43;O2;F;3;1;2
44;O2;M;1;3;2
45;O2;M;2;2;3
46;O2;M;3;2;3
47;O2;M;1;1;1
48;O2;M;1;2;2
49;O2;F;3;3;3
50;O2;F;3;2;3
51;O2;F;2;1;3
52;O2;M;2;3;2
53;O2;M;2;1;1
54;O2;M;1;2;3
55;O2;M;1;3;3
56;O2;F;2;2;3
57;O2;M;3;3;1
58;O2;M;1;1;2
59;O2;M;2;1;3
60;O2;M;3;2;3
61;O2;F;1;1;3
62;O2;M;3;3;1
63;O2;F;1;3;2
64;O2;F;3;1;2
65;O2;M;2;1;2
66;O2;F;2;1;3
67;O2;F;1;2;2
68;O2;F;1;3;2
69;O2;F;1;1;3
70;O2;F;3;3;3
71;O2;F;3;3;1
72;O2;F;1;1;2

[PREFERENCIAS]
# En esta familia P=7, por lo que cada estudiante tiene 7 preferencias
estudiante;preferencia_1;preferencia_2;preferencia_3;preferencia_4;preferencia_5;preferencia_6;preferencia_7
1;7;58;4;47;44;48;33
2;25;19;52;29;43;5;15
3;49;30;52;21;37;56;17
4;69;29;66;10;25;16;15
5;66;16;69;70;53;29;60
6;21;30;64;27;31;35;57
7;64;6;70;37;40;33;29
8;72;6;21;22;11;44;43
9;34;20;21;17;27;45;67
10;41;37;3;60;38;2;16
11;30;57;14;47;6;36;4
12;44;14;46;68;28;63;66
13;66;18;31;68;43;27;36
14;8;70;24;72;11;66;16
15;4;46;65;2;21;25;71
16;15;39;24;65;45;12;64
17;25;47;5;12;43;7;63
18;55;29;19;9;26;47;22
19;15;45;60;17;44;64;68
20;39;57;63;33;56;17;43
21;63;36;30;27;54;26;49
22;32;26;54;55;30;56;8
23;26;44;57;46;68;15;34
24;17;35;8;39;36;68;47
25;49;19;55;28;66;44;6
26;44;17;56;68;32;31;61
27;38;50;12;28;69;72;39
28;26;31;15;64;57;50;61
29;62;23;59;44;27;6;45
30;57;13;45;22;32;56;35
31;30;72;8;50;38;56;44
32;6;39;67;48;24;53;63
33;7;37;47;36;5;68;29
34;14;69;62;29;20;27;41
35;8;52;59;43;13;16;24
36;32;66;65;54;53;45;62
37;11;36;38;25;3;50;16
38;44;23;60;6;67;11;14
39;23;72;37;67;66;60;31
40;56;69;67;49;70;30;68
41;25;65;7;11;57;56;10
42;16;23;5;64;20;39;3
43;1;23;60;13;40;3;17
44;29;55;16;28;51;47;12
45;38;7;18;40;36;30;6
46;7;63;69;41;12;65;14
47;22;32;57;18;71;11;1
48;29;33;47;4;28;11;1
49;61;42;68;28;36;72;51
50;72;13;6;62;54;35;28
51;24;40;54;17;61;39;52
52;3;40;54;16;20;55;9
53;60;37;65;62;24;12;2
54;46;26;7;2;44;24;61
55;53;15;52;48;64;40;6
56;47;41;70;58;39;29;46
57;11;60;30;49;69;23;28
58;62;38;40;12;28;26;53
59;67;37;40;43;62;24;36
60;50;57;38;55;72;36;62
61;6;70;68;67;55;45;10
62;11;50;4;28;63;44;45
63;27;49;9;52;40;12;28
64;53;70;71;33;17;38;25
65;2;14;24;72;19;17;57
66;47;44;62;68;30;38;24
67;29;22;69;30;48;9;27
68;22;28;52;53;45;35;6
69;44;32;8;22;33;63;56
70;2;37;6;47;55;61;67
71;24;44;17;68;62;2;46
72;6;39;42;19;64;68;30

[SEPARACIONES]
estudiante_i;estudiante_j
2;8
4;42
9;40
10;70
12;51
13;66
15;55
17;38
17;53
19;49
22;67
25;51
28;44
33;36
36;59
40;45
40;59
47;50

[NOTAS]
generacion=aleatoria_controlada
preferencias_por_estudiante=P_fijo
genero=balanceado_dentro_de_cada_curso_de_origen
criterios_perfil=sorteados_de_forma_independiente
separaciones=aprox_N_div_4
estado=instancia_de_experimento
pesos_funcion_objetivo=no_incluidos_en_la_instancia
factibilidad=se_uso_una_asignacion_testigo_solo_para_generar_la_instancia
