# ------------------------------------------------------------
# Instancia sintetica para pruebas del modelo exacto
# L = 36 estudiantes por curso
# P = 7 preferencias por estudiante
# C = 4 cursos nuevos
# Total = 144 estudiantes
# ------------------------------------------------------------

# INSTANCIA DE REASIGNACION DE ESTUDIANTES
# Este archivo contiene los datos de entrada de la instancia. La solucion se guarda aparte.

[INSTANCIA]
nombre=c_n_36_l_7_s_4_i_5
semilla=70596
N=144
C=4
L=36
P=7

[CURSOS_NUEVOS]
curso;capacidad
1;36
2;36
3;36
4;36

[BALANCE_GENERO]
grupos=F,M
diferencia_maxima=1

[CURSOS_ORIGEN]
cursos_origen=O1,O2,O3,O4
minimo_O1=8
minimo_O2=8
minimo_O3=8
minimo_O4=8

[CRITERIOS_BALANCE]
criterios=academico,socioemocional,convivencia
niveles=1,2,3

[ESTUDIANTES]
estudiante;curso_origen;genero;academico;socioemocional;convivencia
1;O1;F;3;3;1
2;O1;F;2;2;2
3;O1;M;2;3;2
4;O1;M;1;3;3
5;O1;F;1;2;1
6;O1;F;3;2;3
7;O1;F;2;1;1
8;O1;F;1;1;3
9;O1;M;1;3;2
10;O1;M;1;1;1
11;O1;F;2;1;3
12;O1;M;1;1;2
13;O1;M;1;2;2
14;O1;F;2;1;2
15;O1;M;2;2;2
16;O1;F;1;1;1
17;O1;F;3;1;3
18;O1;F;1;3;3
19;O1;M;1;1;1
20;O1;F;1;1;3
21;O1;M;1;2;2
22;O1;F;1;3;1
23;O1;F;1;3;2
24;O1;M;2;1;3
25;O1;M;1;2;1
26;O1;M;3;2;1
27;O1;F;3;3;3
28;O1;M;3;1;3
29;O1;M;3;3;2
30;O1;M;1;2;1
31;O1;M;1;2;3
32;O1;M;2;3;2
33;O1;M;3;3;2
34;O1;F;3;2;2
35;O1;F;2;2;1
36;O1;F;1;2;2
37;O2;F;1;3;3
38;O2;F;2;3;1
39;O2;M;3;2;2
40;O2;F;1;2;1
41;O2;F;3;2;3
42;O2;F;3;1;1
43;O2;M;3;3;1
44;O2;M;3;1;2
45;O2;M;3;1;1
46;O2;F;2;3;1
47;O2;M;1;3;3
48;O2;F;3;2;1
49;O2;M;2;3;1
50;O2;F;3;3;2
51;O2;M;3;1;1
52;O2;M;3;1;2
53;O2;M;2;3;3
54;O2;F;1;3;3
55;O2;F;3;3;3
56;O2;F;3;1;3
57;O2;M;2;1;2
58;O2;M;2;3;2
59;O2;M;2;2;1
60;O2;M;3;2;1
61;O2;F;3;2;2
62;O2;M;3;3;3
63;O2;F;3;2;2
64;O2;M;1;1;2
65;O2;F;2;1;3
66;O2;F;3;1;2
67;O2;M;3;3;1
68;O2;F;1;3;1
69;O2;F;1;1;2
70;O2;F;3;2;1
71;O2;M;3;1;3
72;O2;M;2;2;3
73;O3;M;2;2;3
74;O3;F;3;3;3
75;O3;M;3;3;3
76;O3;M;2;3;1
77;O3;F;2;2;2
78;O3;M;2;3;2
79;O3;F;3;3;1
80;O3;M;1;3;2
81;O3;M;2;2;3
82;O3;F;1;2;2
83;O3;F;2;1;3
84;O3;F;1;3;1
85;O3;F;1;1;3
86;O3;M;2;1;2
87;O3;F;2;1;3
88;O3;M;3;3;3
89;O3;F;2;1;3
90;O3;F;2;1;1
91;O3;M;3;2;2
92;O3;M;1;2;3
93;O3;F;3;3;1
94;O3;F;2;2;3
95;O3;F;2;3;2
96;O3;F;2;1;3
97;O3;F;1;2;3
98;O3;M;3;3;2
99;O3;F;2;1;1
100;O3;M;1;2;1
101;O3;M;1;2;2
102;O3;F;2;1;2
103;O3;M;3;3;1
104;O3;M;3;3;2
105;O3;M;1;3;1
106;O3;M;1;1;1
107;O3;M;3;1;2
108;O3;F;2;1;1
109;O4;M;2;2;3
110;O4;F;1;2;2
111;O4;F;1;3;1
112;O4;M;1;3;2
113;O4;M;1;2;1
114;O4;F;2;3;3
115;O4;M;3;1;3
116;O4;M;2;1;1
117;O4;F;2;3;1
118;O4;M;1;3;1
119;O4;M;3;1;3
120;O4;F;3;2;3
121;O4;M;2;2;1
122;O4;F;1;1;1
123;O4;M;3;2;2
124;O4;F;2;3;2
125;O4;F;2;1;1
126;O4;M;1;2;2
127;O4;M;2;1;3
128;O4;F;1;2;3
129;O4;F;3;3;3
130;O4;F;2;3;3
131;O4;M;3;1;3
132;O4;M;1;3;1
133;O4;F;3;2;3
134;O4;M;3;1;2
135;O4;F;1;3;2
136;O4;F;2;2;2
137;O4;F;1;1;2
138;O4;F;1;3;3
139;O4;F;1;1;2
140;O4;M;1;1;1
141;O4;F;1;2;2
142;O4;M;2;2;3
143;O4;M;1;2;3
144;O4;M;1;3;2

[PREFERENCIAS]
# En esta familia P=7, por lo que cada estudiante tiene 7 preferencias
estudiante;preferencia_1;preferencia_2;preferencia_3;preferencia_4;preferencia_5;preferencia_6;preferencia_7
1;73;136;8;114;55;132;89
2;60;87;94;35;17;102;137
3;35;68;143;77;128;115;11
4;19;32;48;63;20;43;109
5;76;65;53;23;139;99;110
6;22;47;136;95;85;23;26
7;37;50;55;54;105;112;81
8;119;36;116;91;79;131;5
9;121;57;12;78;125;76;5
10;74;106;127;109;88;7;33
11;114;48;135;94;138;19;143
12;120;65;61;27;93;38;85
13;98;135;23;134;126;132;39
14;93;19;144;113;63;127;115
15;25;93;102;13;83;130;120
16;17;97;62;144;86;112;10
17;57;14;63;20;18;30;132
18;114;13;68;109;139;92;116
19;101;39;142;128;38;100;70
20;25;72;116;62;135;98;26
21;47;87;51;38;36;97;112
22;6;95;86;13;84;64;134
23;131;122;130;105;128;69;50
24;128;32;143;125;131;81;72
25;77;32;91;115;18;119;40
26;99;54;91;7;52;31;134
27;53;109;142;36;143;25;84
28;43;91;81;5;117;57;134
29;3;114;17;121;100;76;43
30;71;125;57;21;115;140;53
31;102;130;43;21;141;39;119
32;49;57;110;92;66;24;134
33;124;48;13;102;81;92;55
34;70;16;77;42;130;123;55
35;78;11;54;56;71;72;67
36;97;87;61;141;112;3;103
37;27;129;86;68;30;9;106
38;98;40;124;100;32;57;33
39;107;109;28;8;62;33;68
40;53;135;104;122;127;67;12
41;58;98;143;18;33;25;40
42;89;112;139;78;11;4;49
43;105;16;6;39;89;87;55
44;107;108;33;6;41;94;99
45;123;77;8;127;13;5;73
46;111;123;121;103;53;88;125
47;50;135;17;75;55;134;129
48;23;110;105;46;74;106;54
49;22;27;64;34;79;36;67
50;5;114;95;7;1;23;14
51;134;31;130;25;131;85;22
52;129;13;61;14;71;41;42
53;132;1;33;50;102;98;56
54;8;95;104;65;4;136;109
55;127;111;58;118;17;141;25
56;94;125;65;5;67;34;82
57;19;144;81;42;75;31;13
58;135;34;94;60;91;52;117
59;72;96;123;141;58;39;45
60;87;66;144;96;22;57;26
61;84;102;124;111;8;93;86
62;128;139;140;90;84;141;41
63;18;25;141;28;36;53;79
64;130;101;93;52;36;109;72
65;33;142;130;15;117;19;75
66;61;108;93;114;71;60;41
67;123;110;122;107;9;87;53
68;35;29;30;89;95;51;10
69;118;36;132;128;141;80;81
70;116;106;130;75;51;82;27
71;129;67;60;12;87;116;31
72;87;1;95;27;26;127;114
73;54;125;40;107;53;87;25
74;71;66;105;59;134;120;43
75;41;59;128;100;16;54;127
76;91;28;62;100;115;9;53
77;75;47;28;68;98;131;2
78;22;84;117;58;1;56;33
79;84;81;96;68;117;83;2
80;38;131;68;58;137;141;96
81;75;142;82;132;125;87;50
82;128;106;109;121;97;74;1
83;122;94;97;136;110;70;109
84;40;139;107;53;91;5;100
85;69;92;143;1;120;46;54
86;144;37;22;106;81;36;104
87;55;79;75;35;60;36;3
88;84;123;49;36;3;25;72
89;128;16;95;55;35;67;4
90;144;101;7;98;81;123;137
91;27;131;15;92;17;79;55
92;28;65;58;67;25;4;40
93;136;80;65;120;81;122;142
94;54;135;57;29;78;43;121
95;105;86;76;5;69;60;80
96;142;86;83;57;11;29;36
97;109;12;31;50;120;79;60
98;50;39;128;134;76;92;106
99;83;106;77;76;7;96;48
100;102;68;39;59;128;40;38
101;75;140;64;137;54;129;19
102;124;100;110;132;56;76;74
103;81;102;69;83;108;88;140
104;9;91;116;62;13;83;53
105;141;74;111;75;28;120;126
106;96;57;30;97;31;43;124
107;53;104;89;16;48;94;42
108;62;131;30;25;117;15;91
109;78;61;75;97;11;72;52
110;56;45;123;125;17;100;71
111;138;3;27;6;55;127;126
112;135;84;27;71;116;125;80
113;30;88;64;99;55;37;26
114;102;49;131;36;11;21;47
115;24;42;73;116;91;141;125
116;30;46;8;107;69;66;38
117;129;139;29;130;84;109;20
118;94;123;87;124;72;140;60
119;69;49;23;72;74;142;65
120;68;91;77;5;82;129;75
121;50;13;58;57;18;108;111
122;69;49;102;136;90;16;112
123;80;51;113;126;121;112;13
124;9;85;37;107;76;58;79
125;27;85;63;116;54;74;129
126;138;51;61;29;52;82;25
127;38;95;119;61;6;20;30
128;45;95;19;72;99;35;133
129;99;142;13;80;61;32;47
130;122;3;29;35;75;72;95
131;24;21;45;72;50;122;69
132;136;42;35;94;61;74;75
133;24;14;75;102;46;79;31
134;9;21;72;64;65;60;33
135;99;117;8;65;90;82;88
136;107;54;67;78;24;117;139
137;126;18;64;52;104;48;7
138;14;1;58;133;107;88;29
139;11;112;86;82;70;138;16
140;82;127;50;123;72;16;52
141;117;88;128;96;112;130;111
142;46;115;87;134;71;73;128
143;85;123;115;137;74;92;114
144;38;112;77;111;134;10;86

[SEPARACIONES]
estudiante_i;estudiante_j
9;96
10;67
10;115
11;43
14;125
19;141
23;39
24;95
24;128
29;33
30;70
37;75
37;82
38;141
43;88
46;143
47;53
48;85
54;79
55;67
57;77
59;109
60;87
60;109
67;133
72;101
92;97
92;143
96;122
102;138
104;130
108;127
109;121
121;134
126;141
136;143

[NOTAS]
generacion=aleatoria_controlada
preferencias_por_estudiante=P_fijo
genero=balanceado_dentro_de_cada_curso_de_origen
criterios_perfil=sorteados_de_forma_independiente
separaciones=aprox_N_div_4
estado=instancia_de_experimento
pesos_funcion_objetivo=no_incluidos_en_la_instancia
factibilidad=se_uso_una_asignacion_testigo_solo_para_generar_la_instancia
