# ------------------------------------------------------------
# Instancia sintetica para pruebas del modelo exacto
# L = 18 estudiantes por curso
# P = 7 preferencias por estudiante
# C = 5 cursos nuevos
# Total = 90 estudiantes
# ------------------------------------------------------------

# INSTANCIA DE REASIGNACION DE ESTUDIANTES
# Este archivo contiene los datos de entrada de la instancia. La solucion se guarda aparte.

[INSTANCIA]
nombre=c_n_18_l_7_s_5_i_2
semilla=70622
N=90
C=5
L=18
P=7

[CURSOS_NUEVOS]
curso;capacidad
1;18
2;18
3;18
4;18
5;18

[BALANCE_GENERO]
grupos=F,M
diferencia_maxima=1

[CURSOS_ORIGEN]
cursos_origen=O1,O2,O3,O4,O5
minimo_O1=2
minimo_O2=2
minimo_O3=2
minimo_O4=2
minimo_O5=2

[CRITERIOS_BALANCE]
criterios=academico,socioemocional,convivencia
niveles=1,2,3

[ESTUDIANTES]
estudiante;curso_origen;genero;academico;socioemocional;convivencia
1;O1;F;1;3;1
2;O1;F;3;2;1
3;O1;M;2;2;2
4;O1;F;2;1;1
5;O1;F;3;2;1
6;O1;M;3;1;2
7;O1;F;3;2;2
8;O1;M;3;1;3
9;O1;M;1;1;2
10;O1;F;3;2;1
11;O1;M;1;1;2
12;O1;F;3;3;3
13;O1;M;3;1;2
14;O1;F;2;3;1
15;O1;M;2;3;2
16;O1;M;3;1;1
17;O1;M;1;1;2
18;O1;F;1;2;1
19;O2;M;3;1;1
20;O2;M;1;1;2
21;O2;M;1;1;3
22;O2;F;1;3;3
23;O2;F;1;1;1
24;O2;F;3;1;1
25;O2;M;3;1;2
26;O2;F;2;1;2
27;O2;M;1;1;3
28;O2;F;1;2;3
29;O2;M;2;3;2
30;O2;M;1;2;1
31;O2;M;1;3;3
32;O2;F;3;2;1
33;O2;M;1;1;1
34;O2;F;2;2;1
35;O2;F;1;1;2
36;O2;F;2;3;1
37;O3;M;3;1;2
38;O3;M;1;3;2
39;O3;F;1;1;1
40;O3;F;3;2;3
41;O3;M;1;1;1
42;O3;M;2;3;2
43;O3;F;1;3;3
44;O3;F;3;2;1
45;O3;F;1;2;3
46;O3;M;3;3;1
47;O3;M;3;2;3
48;O3;F;2;1;1
49;O3;F;2;3;3
50;O3;M;2;3;1
51;O3;F;3;1;3
52;O3;M;3;1;1
53;O3;F;2;2;2
54;O3;M;3;1;2
55;O4;F;3;1;3
56;O4;F;1;1;2
57;O4;F;1;3;1
58;O4;F;1;3;3
59;O4;M;1;1;2
60;O4;F;3;1;3
61;O4;M;2;2;1
62;O4;F;3;2;2
63;O4;M;1;2;1
64;O4;M;2;2;3
65;O4;F;3;3;3
66;O4;M;3;2;3
67;O4;M;3;2;1
68;O4;F;3;3;1
69;O4;M;1;3;2
70;O4;M;1;3;3
71;O4;M;2;3;2
72;O4;F;2;3;3
73;O5;F;3;3;1
74;O5;F;1;3;3
75;O5;F;1;1;1
76;O5;M;1;1;2
77;O5;F;3;2;2
78;O5;F;3;1;3
79;O5;M;1;2;1
80;O5;F;2;3;2
81;O5;M;1;2;2
82;O5;F;1;2;2
83;O5;M;2;2;1
84;O5;M;3;1;2
85;O5;M;1;1;2
86;O5;M;3;3;2
87;O5;M;1;1;2
88;O5;F;1;2;3
89;O5;F;2;1;2
90;O5;M;3;1;2

[PREFERENCIAS]
# En esta familia P=7, por lo que cada estudiante tiene 7 preferencias
estudiante;preferencia_1;preferencia_2;preferencia_3;preferencia_4;preferencia_5;preferencia_6;preferencia_7
1;79;16;29;47;43;14;39
2;21;6;52;64;90;38;29
3;14;4;16;83;52;86;18
4;38;46;20;47;81;33;64
5;68;13;76;37;44;90;34
6;61;78;50;44;3;58;68
7;55;15;3;73;33;84;69
8;61;40;30;45;78;50;75
9;34;87;59;74;80;32;31
10;1;14;32;42;87;72;44
11;84;52;65;44;63;69;32
12;67;85;40;37;73;78;1
13;88;51;19;8;23;60;21
14;41;11;85;35;42;68;18
15;22;47;54;25;61;41;46
16;70;79;62;66;23;20;54
17;48;5;20;89;57;2;52
18;82;57;8;24;37;16;49
19;6;5;86;28;54;46;21
20;3;37;29;53;46;61;87
21;36;50;44;71;72;23;34
22;44;35;79;28;60;45;84
23;54;26;24;71;75;38;64
24;36;46;39;19;86;81;33
25;48;60;72;23;35;19;12
26;7;53;1;86;68;27;49
27;67;81;43;38;52;65;10
28;22;3;59;5;6;1;53
29;20;24;36;67;38;52;80
30;15;48;76;8;21;24;27
31;15;87;89;17;54;24;81
32;1;84;39;43;56;21;66
33;39;54;62;73;71;19;26
34;35;62;11;51;21;85;53
35;26;73;51;86;16;58;55
36;27;1;33;14;71;60;34
37;81;54;68;5;62;88;77
38;87;60;22;55;16;70;19
39;66;9;11;83;4;27;65
40;57;2;7;45;72;26;54
41;38;4;23;44;3;22;54
42;18;66;73;82;45;87;88
43;44;53;70;60;28;71;29
44;29;62;78;45;59;69;57
45;17;75;84;49;1;43;24
46;16;87;54;59;67;37;44
47;13;50;44;62;41;10;15
48;26;33;88;44;39;80;18
49;23;80;63;87;38;90;46
50;65;75;58;56;20;35;30
51;49;78;90;19;13;55;22
52;22;24;71;73;47;51;17
53;79;52;30;24;46;63;43
54;76;9;78;89;15;24;8
55;15;37;83;51;65;42;68
56;26;5;63;75;73;80;71
57;39;80;23;11;85;19;67
58;2;48;16;37;19;18;12
59;69;63;28;2;25;82;18
60;21;42;8;85;43;12;67
61;72;48;42;25;81;9;8
62;2;84;77;90;23;61;48
63;68;67;45;66;83;82;50
64;11;83;66;78;22;70;82
65;21;78;81;11;47;22;45
66;4;64;78;22;86;33;18
67;27;47;17;74;10;26;88
68;18;63;28;39;36;58;78
69;30;66;82;65;70;33;71
70;87;13;58;55;73;40;82
71;46;22;3;60;6;66;52
72;13;54;53;51;14;17;25
73;17;81;84;29;24;53;11
74;44;24;28;1;66;2;40
75;3;44;69;71;59;58;31
76;62;85;36;78;34;79;39
77;24;82;8;46;11;23;63
78;1;50;43;53;16;4;59
79;69;65;62;16;5;88;25
80;3;59;46;53;52;7;30
81;72;40;89;32;82;77;28
82;37;43;57;81;22;58;49
83;70;51;28;84;64;42;85
84;4;56;80;24;23;60;77
85;22;23;53;80;34;60;38
86;47;8;65;41;50;32;59
87;25;36;5;27;8;9;43
88;73;87;22;25;79;12;64
89;57;66;30;25;39;54;46
90;84;89;20;63;73;3;50

[SEPARACIONES]
estudiante_i;estudiante_j
2;51
2;58
3;57
3;72
4;34
11;66
13;76
18;66
22;26
23;71
26;89
31;81
32;37
33;64
34;47
36;81
46;49
51;84
53;66
55;80
56;87
61;70

[NOTAS]
generacion=aleatoria_controlada
preferencias_por_estudiante=P_fijo
genero=balanceado_dentro_de_cada_curso_de_origen
criterios_perfil=sorteados_de_forma_independiente
separaciones=aprox_N_div_4
estado=instancia_de_experimento
pesos_funcion_objetivo=no_incluidos_en_la_instancia
factibilidad=se_uso_una_asignacion_testigo_solo_para_generar_la_instancia
