# ------------------------------------------------------------
# Instancia sintetica para pruebas del modelo exacto
# L = 18 estudiantes por curso
# P = 5 preferencias por estudiante
# C = 5 cursos nuevos
# Total = 90 estudiantes
# ------------------------------------------------------------

# INSTANCIA DE REASIGNACION DE ESTUDIANTES
# Este archivo contiene los datos de entrada de la instancia. La solucion se guarda aparte.

[INSTANCIA]
nombre=c_n_18_l_5_s_5_i_6
semilla=50636
N=90
C=5
L=18
P=5

[CURSOS_NUEVOS]
curso;capacidad
1;18
2;18
3;18
4;18
5;18

[BALANCE_GENERO]
grupos=F,M
diferencia_maxima=1

[CURSOS_ORIGEN]
cursos_origen=O1,O2,O3,O4,O5
minimo_O1=2
minimo_O2=2
minimo_O3=2
minimo_O4=2
minimo_O5=2

[CRITERIOS_BALANCE]
criterios=academico,socioemocional,convivencia
niveles=1,2,3

[ESTUDIANTES]
estudiante;curso_origen;genero;academico;socioemocional;convivencia
1;O1;F;1;1;2
2;O1;M;1;3;3
3;O1;M;3;3;2
4;O1;M;2;3;3
5;O1;M;3;2;1
6;O1;M;2;3;3
7;O1;F;1;1;3
8;O1;F;1;3;3
9;O1;M;1;2;3
10;O1;M;2;2;2
11;O1;M;3;1;2
12;O1;F;2;1;2
13;O1;F;2;1;3
14;O1;F;3;2;3
15;O1;F;1;3;3
16;O1;F;2;1;2
17;O1;F;1;2;3
18;O1;M;3;3;2
19;O2;F;1;2;3
20;O2;M;1;2;3
21;O2;F;1;3;1
22;O2;M;3;2;3
23;O2;M;1;3;2
24;O2;M;2;1;1
25;O2;F;3;2;1
26;O2;F;3;2;2
27;O2;M;1;1;3
28;O2;F;3;1;1
29;O2;M;3;1;1
30;O2;M;1;2;1
31;O2;F;3;2;2
32;O2;M;1;2;2
33;O2;M;1;2;2
34;O2;F;3;1;3
35;O2;F;3;3;2
36;O2;F;2;3;1
37;O3;M;2;1;1
38;O3;M;1;1;2
39;O3;M;3;2;3
40;O3;M;3;3;3
41;O3;F;2;3;3
42;O3;M;1;2;3
43;O3;F;1;3;2
44;O3;F;1;3;3
45;O3;M;3;3;3
46;O3;F;1;2;2
47;O3;M;1;2;1
48;O3;F;1;3;2
49;O3;F;1;2;2
50;O3;F;3;1;2
51;O3;M;2;2;3
52;O3;F;1;2;1
53;O3;M;1;2;2
54;O3;F;1;3;3
55;O4;M;2;2;2
56;O4;F;1;1;2
57;O4;M;2;2;1
58;O4;F;1;1;3
59;O4;F;2;1;2
60;O4;M;1;3;1
61;O4;M;3;2;3
62;O4;M;1;3;3
63;O4;F;3;2;1
64;O4;F;2;2;2
65;O4;M;3;3;3
66;O4;F;3;1;2
67;O4;F;3;1;3
68;O4;M;3;1;3
69;O4;F;1;1;3
70;O4;F;2;3;2
71;O4;M;1;2;1
72;O4;M;1;3;3
73;O5;F;1;3;1
74;O5;F;3;3;2
75;O5;F;3;3;1
76;O5;M;1;1;2
77;O5;M;3;2;1
78;O5;M;3;1;2
79;O5;M;2;1;2
80;O5;F;1;2;3
81;O5;M;3;1;2
82;O5;M;2;3;1
83;O5;F;2;2;2
84;O5;F;1;3;3
85;O5;F;1;3;1
86;O5;M;1;1;1
87;O5;M;1;3;3
88;O5;F;1;1;1
89;O5;M;1;3;2
90;O5;F;2;2;3

[PREFERENCIAS]
# En esta familia P=5, por lo que cada estudiante tiene 5 preferencias
estudiante;preferencia_1;preferencia_2;preferencia_3;preferencia_4;preferencia_5
1;69;42;8;68;57
2;9;26;19;71;30
3;1;67;90;30;52
4;86;83;39;2;33
5;49;20;53;12;74
6;9;87;88;66;78
7;85;68;33;24;74
8;24;62;6;9;30
9;7;10;40;43;82
10;85;35;34;58;40
11;58;55;33;53;1
12;17;52;63;40;73
13;26;68;56;61;10
14;34;47;57;18;17
15;54;36;8;42;3
16;38;24;13;29;88
17;55;8;77;64;15
18;5;29;12;13;20
19;37;2;22;51;33
20;51;8;5;38;12
21;38;73;70;57;80
22;82;65;43;70;61
23;63;26;43;58;16
24;27;55;31;73;47
25;50;35;66;6;5
26;16;18;23;34;56
27;79;89;52;6;5
28;45;63;76;26;32
29;36;7;19;8;3
30;52;20;38;13;1
31;71;69;18;12;87
32;23;65;8;34;75
33;42;56;62;17;49
34;22;61;86;37;38
35;33;17;82;21;43
36;6;52;67;34;48
37;10;45;50;36;87
38;43;13;19;54;21
39;80;33;49;10;25
40;7;27;57;18;84
41;77;33;37;52;58
42;69;13;56;27;20
43;9;86;80;55;50
44;80;33;26;54;37
45;69;22;48;38;77
46;79;73;29;85;58
47;36;21;3;57;25
48;34;25;29;74;20
49;81;65;50;9;17
50;86;6;10;87;58
51;77;15;56;88;68
52;63;71;25;73;59
53;61;30;57;90;54
54;89;8;7;10;1
55;7;84;79;63;24
56;54;67;21;32;87
57;62;76;15;31;30
58;24;90;68;80;39
59;2;50;57;17;28
60;77;10;16;41;75
61;28;52;74;55;10
62;16;22;10;55;34
63;2;24;43;52;35
64;42;53;79;46;35
65;8;73;10;20;54
66;27;11;70;12;51
67;79;54;61;56;1
68;77;69;33;17;21
69;89;74;12;32;22
70;17;43;84;82;78
71;1;18;84;29;69
72;24;6;63;17;42
73;24;4;60;16;17
74;66;63;71;29;1
75;15;64;29;70;73
76;28;17;7;83;20
77;41;87;82;27;34
78;25;62;89;31;47
79;39;83;89;57;13
80;84;20;4;64;78
81;6;44;56;68;33
82;83;53;38;35;5
83;4;65;54;66;48
84;7;73;25;17;70
85;70;3;45;7;34
86;33;28;58;9;53
87;16;45;32;37;1
88;58;33;5;54;28
89;14;77;7;17;87
90;89;68;62;58;36

[SEPARACIONES]
estudiante_i;estudiante_j
6;84
9;25
9;60
15;33
15;43
18;79
24;38
25;73
26;84
29;72
36;77
37;59
39;82
51;57
52;71
53;76
54;65
56;67
56;86
63;71
63;78
69;75

[NOTAS]
generacion=aleatoria_controlada
preferencias_por_estudiante=P_fijo
genero=balanceado_dentro_de_cada_curso_de_origen
criterios_perfil=sorteados_de_forma_independiente
separaciones=aprox_N_div_4
estado=instancia_de_experimento
pesos_funcion_objetivo=no_incluidos_en_la_instancia
factibilidad=se_uso_una_asignacion_testigo_solo_para_generar_la_instancia
