# ------------------------------------------------------------
# Instancia sintetica para pruebas del modelo exacto
# L = 27 estudiantes por curso
# P = 5 preferencias por estudiante
# C = 6 cursos nuevos
# Total = 162 estudiantes
# ------------------------------------------------------------

# INSTANCIA DE REASIGNACION DE ESTUDIANTES
# Este archivo contiene los datos de entrada de la instancia. La solucion se guarda aparte.

[INSTANCIA]
nombre=c_n_27_l_5_s_6_i_1
semilla=50729
N=162
C=6
L=27
P=5

[CURSOS_NUEVOS]
curso;capacidad
1;27
2;27
3;27
4;27
5;27
6;27

[BALANCE_GENERO]
grupos=F,M
diferencia_maxima=1

[CURSOS_ORIGEN]
cursos_origen=O1,O2,O3,O4,O5,O6
minimo_O1=3
minimo_O2=3
minimo_O3=3
minimo_O4=3
minimo_O5=3
minimo_O6=3

[CRITERIOS_BALANCE]
criterios=academico,socioemocional,convivencia
niveles=1,2,3

[ESTUDIANTES]
estudiante;curso_origen;genero;academico;socioemocional;convivencia
1;O1;F;3;2;3
2;O1;F;2;2;3
3;O1;F;2;3;3
4;O1;M;1;3;3
5;O1;M;3;3;3
6;O1;F;3;3;3
7;O1;M;2;1;3
8;O1;M;2;1;1
9;O1;M;1;2;1
10;O1;F;2;1;1
11;O1;F;2;1;2
12;O1;F;3;1;3
13;O1;F;2;2;1
14;O1;M;3;1;2
15;O1;M;3;3;2
16;O1;F;1;3;2
17;O1;F;1;2;3
18;O1;M;1;3;3
19;O1;M;1;3;1
20;O1;F;2;2;3
21;O1;F;1;1;3
22;O1;F;2;1;1
23;O1;M;1;2;1
24;O1;M;3;3;3
25;O1;M;2;1;1
26;O1;M;1;3;1
27;O1;M;2;2;1
28;O2;M;3;3;1
29;O2;F;3;2;1
30;O2;M;3;3;1
31;O2;F;2;3;3
32;O2;M;3;3;3
33;O2;M;2;1;3
34;O2;F;2;2;1
35;O2;M;1;3;1
36;O2;F;3;1;2
37;O2;F;3;1;2
38;O2;M;2;1;3
39;O2;M;1;3;1
40;O2;M;1;3;2
41;O2;M;3;2;3
42;O2;M;3;3;2
43;O2;F;1;3;1
44;O2;F;3;2;2
45;O2;F;1;3;2
46;O2;F;1;1;3
47;O2;M;3;2;1
48;O2;F;1;2;3
49;O2;M;3;2;1
50;O2;M;3;3;3
51;O2;M;1;2;2
52;O2;F;1;1;3
53;O2;F;1;1;3
54;O2;F;2;1;3
55;O3;F;1;2;2
56;O3;F;3;1;1
57;O3;M;3;2;1
58;O3;M;3;1;3
59;O3;M;3;1;2
60;O3;M;3;3;3
61;O3;M;2;2;1
62;O3;F;1;1;1
63;O3;M;2;3;2
64;O3;M;3;2;1
65;O3;M;2;2;1
66;O3;F;2;1;3
67;O3;F;3;3;2
68;O3;M;1;1;2
69;O3;M;2;2;3
70;O3;F;1;2;1
71;O3;F;1;2;1
72;O3;M;3;1;3
73;O3;F;1;3;3
74;O3;F;2;3;3
75;O3;M;3;3;3
76;O3;F;1;2;1
77;O3;M;1;2;3
78;O3;M;3;1;3
79;O3;F;1;1;1
80;O3;F;2;3;3
81;O3;F;1;3;1
82;O4;M;1;3;2
83;O4;F;3;1;2
84;O4;F;3;1;3
85;O4;M;1;2;1
86;O4;F;1;1;2
87;O4;F;2;3;2
88;O4;F;2;2;3
89;O4;F;1;1;1
90;O4;M;2;3;2
91;O4;F;2;2;1
92;O4;M;1;2;2
93;O4;F;3;2;1
94;O4;M;2;3;2
95;O4;M;1;3;3
96;O4;F;2;2;3
97;O4;F;2;1;1
98;O4;M;3;2;2
99;O4;M;2;3;3
100;O4;M;2;1;1
101;O4;M;1;2;3
102;O4;M;1;3;1
103;O4;M;3;2;2
104;O4;M;1;2;1
105;O4;F;3;2;1
106;O4;F;3;3;1
107;O4;M;3;3;2
108;O4;F;3;1;2
109;O5;F;2;3;1
110;O5;M;2;3;2
111;O5;F;3;1;3
112;O5;M;3;3;3
113;O5;M;3;1;3
114;O5;F;3;1;2
115;O5;M;2;2;1
116;O5;F;1;1;2
117;O5;F;1;2;1
118;O5;M;3;2;2
119;O5;M;3;3;3
120;O5;F;1;3;2
121;O5;F;1;2;1
122;O5;F;1;3;1
123;O5;F;3;2;1
124;O5;M;1;1;1
125;O5;M;1;2;2
126;O5;M;3;1;2
127;O5;F;3;1;1
128;O5;M;1;1;2
129;O5;F;2;2;2
130;O5;M;2;1;3
131;O5;F;3;2;1
132;O5;M;3;3;1
133;O5;F;1;3;3
134;O5;M;3;2;2
135;O5;M;2;2;2
136;O6;M;2;1;2
137;O6;M;1;2;3
138;O6;M;3;1;3
139;O6;F;3;2;1
140;O6;F;3;1;2
141;O6;M;1;1;3
142;O6;F;3;2;1
143;O6;M;3;1;1
144;O6;F;3;1;2
145;O6;F;3;3;2
146;O6;M;2;2;2
147;O6;F;2;2;3
148;O6;M;2;2;3
149;O6;F;3;3;1
150;O6;F;2;2;1
151;O6;F;1;3;1
152;O6;M;1;3;2
153;O6;F;2;3;2
154;O6;M;3;2;1
155;O6;F;3;1;3
156;O6;M;2;3;2
157;O6;M;3;2;1
158;O6;M;2;2;1
159;O6;F;1;3;1
160;O6;M;3;1;3
161;O6;M;3;2;3
162;O6;F;3;3;3

[PREFERENCIAS]
# En esta familia P=5, por lo que cada estudiante tiene 5 preferencias
estudiante;preferencia_1;preferencia_2;preferencia_3;preferencia_4;preferencia_5
1;10;24;85;142;111
2;120;7;29;47;32
3;73;132;124;104;123
4;49;147;62;118;26
5;96;136;137;120;129
6;18;51;7;116;105
7;94;51;22;27;71
8;86;76;85;50;34
9;74;16;102;128;123
10;12;119;13;141;153
11;55;44;160;121;91
12;107;8;24;133;102
13;137;118;90;141;22
14;95;6;11;140;97
15;134;79;36;108;19
16;37;83;27;92;139
17;42;14;75;67;2
18;144;89;39;53;83
19;106;18;48;64;122
20;17;105;89;155;79
21;6;81;87;93;132
22;17;65;107;53;150
23;7;47;29;24;147
24;141;159;18;88;28
25;41;116;157;145;105
26;51;30;132;36;18
27;11;70;13;3;12
28;158;83;9;30;46
29;158;58;128;89;36
30;156;52;5;93;39
31;23;20;151;68;56
32;6;106;3;71;52
33;41;4;136;128;51
34;124;108;133;1;106
35;89;146;12;10;52
36;151;145;120;70;140
37;41;121;31;100;23
38;120;133;146;59;98
39;57;101;151;139;7
40;8;140;91;147;99
41;120;9;80;133;151
42;91;15;7;135;48
43;62;148;104;22;151
44;108;157;85;124;133
45;64;48;5;142;159
46;21;82;49;98;27
47;156;51;159;75;143
48;9;138;132;61;136
49;34;82;148;58;72
50;124;136;61;41;79
51;44;87;35;107;81
52;100;55;125;132;108
53;57;31;95;110;80
54;43;42;17;107;7
55;68;145;112;98;48
56;62;12;15;95;4
57;88;70;77;121;138
58;158;122;55;44;27
59;119;36;112;10;29
60;113;3;54;122;147
61;90;36;118;83;91
62;20;1;18;74;137
63;101;36;123;159;146
64;48;8;133;39;11
65;112;24;125;144;128
66;150;10;45;68;146
67;2;123;155;10;22
68;112;57;118;123;48
69;141;150;76;117;77
70;107;99;112;71;100
71;31;54;22;150;155
72;49;97;123;82;77
73;108;106;11;65;107
74;131;52;125;39;53
75;34;71;31;33;117
76;23;26;151;128;66
77;67;90;99;45;160
78;2;91;77;153;8
79;98;141;118;50;149
80;111;149;114;103;51
81;127;98;92;77;12
82;78;58;126;73;148
83;30;11;3;31;144
84;31;27;11;151;125
85;45;18;88;129;97
86;48;98;154;19;145
87;63;106;151;47;43
88;79;50;142;6;118
89;131;37;117;11;52
90;7;82;45;126;86
91;52;23;44;46;77
92;56;70;129;128;8
93;131;160;126;83;151
94;141;153;151;157;1
95;103;6;40;28;36
96;113;135;3;44;62
97;104;141;152;103;153
98;145;159;46;60;149
99;135;20;122;150;121
100;26;118;24;52;73
101;53;111;107;88;129
102;21;33;107;134;29
103;23;124;78;104;49
104;127;35;122;76;126
105;152;67;112;88;157
106;25;58;31;78;161
107;23;18;66;117;112
108;128;52;103;94;22
109;47;156;51;88;143
110;21;87;123;40;42
111;145;34;101;102;9
112;37;145;143;58;113
113;134;100;140;162;19
114;79;133;129;158;113
115;13;32;7;148;153
116;39;59;156;33;112
117;131;69;1;128;143
118;59;161;77;139;156
119;158;90;58;45;4
120;55;89;43;101;34
121;26;106;136;28;156
122;144;35;47;69;138
123;31;23;41;111;93
124;150;69;156;70;19
125;41;154;25;158;58
126;29;119;49;109;58
127;124;32;134;83;31
128;43;123;47;84;154
129;40;45;9;139;12
130;131;128;100;53;161
131;73;25;69;76;31
132;84;20;161;19;140
133;22;51;43;144;69
134;49;90;13;64;10
135;99;12;57;115;117
136;67;134;64;95;145
137;135;19;112;21;53
138;156;99;96;153;106
139;127;101;79;150;124
140;37;133;17;98;52
141;129;76;137;28;109
142;51;119;122;127;160
143;68;9;136;72;25
144;26;4;42;92;47
145;82;27;118;6;125
146;86;70;127;107;156
147;96;14;108;162;97
148;139;122;6;108;150
149;114;98;12;74;26
150;50;64;12;106;46
151;121;6;16;106;92
152;108;125;18;42;13
153;20;123;122;58;45
154;9;57;126;41;83
155;20;52;129;76;97
156;5;67;109;29;7
157;58;151;78;120;9
158;51;79;53;133;157
159;107;130;87;120;57
160;120;78;40;92;145
161;123;28;48;75;4
162;50;54;160;134;141

[SEPARACIONES]
estudiante_i;estudiante_j
2;73
3;5
6;115
8;22
11;33
11;144
12;98
17;85
22;134
24;106
26;113
28;151
34;67
38;100
41;73
42;153
43;103
43;147
50;52
51;140
54;157
55;66
57;119
60;121
61;72
61;86
62;72
64;94
70;112
72;96
73;147
86;89
96;109
102;148
104;127
104;148
105;158
117;158
131;145
148;157

[NOTAS]
generacion=aleatoria_controlada
preferencias_por_estudiante=P_fijo
genero=balanceado_dentro_de_cada_curso_de_origen
criterios_perfil=sorteados_de_forma_independiente
separaciones=aprox_N_div_4
estado=instancia_de_experimento
pesos_funcion_objetivo=no_incluidos_en_la_instancia
factibilidad=se_uso_una_asignacion_testigo_solo_para_generar_la_instancia
