# ------------------------------------------------------------
# Instancia sintetica para pruebas del modelo exacto
# L = 18 estudiantes por curso
# P = 7 preferencias por estudiante
# C = 5 cursos nuevos
# Total = 90 estudiantes
# ------------------------------------------------------------

# INSTANCIA DE REASIGNACION DE ESTUDIANTES
# Este archivo contiene los datos de entrada de la instancia. La solucion se guarda aparte.

[INSTANCIA]
nombre=c_n_18_l_7_s_5_i_9
semilla=70671
N=90
C=5
L=18
P=7

[CURSOS_NUEVOS]
curso;capacidad
1;18
2;18
3;18
4;18
5;18

[BALANCE_GENERO]
grupos=F,M
diferencia_maxima=1

[CURSOS_ORIGEN]
cursos_origen=O1,O2,O3,O4,O5
minimo_O1=2
minimo_O2=2
minimo_O3=2
minimo_O4=2
minimo_O5=2

[CRITERIOS_BALANCE]
criterios=academico,socioemocional,convivencia
niveles=1,2,3

[ESTUDIANTES]
estudiante;curso_origen;genero;academico;socioemocional;convivencia
1;O1;F;2;2;1
2;O1;F;2;2;3
3;O1;F;3;1;1
4;O1;M;1;3;2
5;O1;F;2;1;2
6;O1;M;1;2;1
7;O1;F;1;2;2
8;O1;F;2;2;3
9;O1;M;1;3;3
10;O1;M;2;2;2
11;O1;M;2;3;3
12;O1;M;1;2;2
13;O1;M;1;1;2
14;O1;M;2;1;3
15;O1;F;3;3;3
16;O1;F;1;3;1
17;O1;M;2;1;2
18;O1;F;1;3;3
19;O2;F;2;3;3
20;O2;M;3;2;2
21;O2;M;3;1;3
22;O2;M;3;1;1
23;O2;M;1;2;2
24;O2;F;2;2;2
25;O2;F;1;3;3
26;O2;M;1;1;2
27;O2;F;1;3;3
28;O2;F;2;2;2
29;O2;M;2;1;1
30;O2;F;2;2;1
31;O2;F;1;1;1
32;O2;M;2;1;1
33;O2;M;1;1;1
34;O2;F;3;2;2
35;O2;F;3;3;3
36;O2;M;3;2;3
37;O3;F;2;2;2
38;O3;M;3;1;1
39;O3;M;2;2;1
40;O3;F;1;3;3
41;O3;F;3;1;2
42;O3;M;1;3;2
43;O3;M;1;1;1
44;O3;F;2;2;1
45;O3;M;3;2;2
46;O3;F;3;2;1
47;O3;M;2;1;3
48;O3;M;2;2;3
49;O3;F;1;2;2
50;O3;M;2;1;3
51;O3;F;2;1;3
52;O3;F;2;1;3
53;O3;M;1;3;3
54;O3;F;2;3;1
55;O4;F;3;1;1
56;O4;M;1;1;3
57;O4;M;3;3;3
58;O4;M;3;2;1
59;O4;F;3;3;3
60;O4;M;2;1;2
61;O4;F;2;3;1
62;O4;F;3;3;3
63;O4;M;1;1;2
64;O4;F;2;1;3
65;O4;M;2;2;3
66;O4;F;3;3;3
67;O4;F;2;3;2
68;O4;M;2;1;3
69;O4;M;2;3;3
70;O4;F;1;2;1
71;O4;M;1;1;1
72;O4;F;3;1;1
73;O5;F;3;3;2
74;O5;F;1;3;3
75;O5;F;2;1;1
76;O5;M;2;2;1
77;O5;F;3;1;2
78;O5;M;3;1;3
79;O5;F;2;3;3
80;O5;F;2;1;2
81;O5;M;3;1;2
82;O5;M;2;1;2
83;O5;M;3;1;1
84;O5;M;1;3;1
85;O5;F;1;1;3
86;O5;F;1;1;2
87;O5;M;1;2;3
88;O5;M;1;1;3
89;O5;M;2;3;3
90;O5;F;2;1;1

[PREFERENCIAS]
# En esta familia P=7, por lo que cada estudiante tiene 7 preferencias
estudiante;preferencia_1;preferencia_2;preferencia_3;preferencia_4;preferencia_5;preferencia_6;preferencia_7
1;77;20;54;30;88;36;31
2;80;23;48;62;9;10;30
3;80;70;74;22;7;8;37
4;5;14;29;58;22;65;9
5;13;47;25;58;70;3;24
6;40;14;7;69;56;84;70
7;33;23;49;24;88;52;18
8;66;33;34;60;29;3;43
9;36;87;64;41;6;86;49
10;87;38;36;34;27;28;77
11;25;76;66;18;84;85;8
12;26;34;35;17;84;23;74
13;37;31;68;45;84;17;41
14;26;45;75;65;18;7;15
15;29;17;52;37;68;56;71
16;71;2;31;57;60;33;90
17;18;42;57;21;1;10;2
18;80;28;8;67;88;11;1
19;17;16;18;9;77;46;65
20;49;12;75;60;10;9;83
21;9;38;2;73;43;90;35
22;83;46;6;45;32;79;43
23;74;50;70;5;10;85;20
24;1;89;6;72;41;30;12
25;76;45;4;49;51;79;22
26;69;32;8;72;59;65;12
27;52;65;51;46;40;53;62
28;48;80;61;75;27;3;7
29;64;90;20;84;72;11;6
30;79;40;4;67;36;12;60
31;68;83;13;16;15;10;87
32;7;14;69;12;59;53;42
33;22;10;35;47;43;18;11
34;28;51;71;90;30;24;52
35;59;72;37;33;50;62;27
36;44;64;88;42;54;41;85
37;55;8;13;21;72;60;52
38;17;59;35;18;15;10;84
39;11;9;21;47;42;58;66
40;69;80;45;42;6;83;87
41;78;25;59;67;22;70;76
42;54;12;89;62;32;9;55
43;34;62;39;27;20;19;38
44;4;30;65;42;43;87;49
45;65;75;77;36;15;55;88
46;1;41;4;7;18;8;5
47;40;25;67;36;71;66;74
48;2;37;34;84;66;61;59
49;26;88;10;50;67;64;75
50;8;82;40;43;78;28;13
51;31;12;61;52;76;62;41
52;67;72;82;47;9;55;25
53;88;10;76;69;23;9;62
54;75;56;49;33;20;24;53
55;81;67;43;59;53;68;84
56;50;18;89;7;34;65;81
57;26;30;6;81;3;59;76
58;77;23;18;47;24;87;33
59;44;54;63;23;16;88;41
60;58;27;6;32;3;66;4
61;38;21;26;48;27;81;90
62;71;34;59;39;22;21;38
63;26;90;75;78;54;79;35
64;61;43;85;28;79;80;45
65;82;55;32;10;68;41;86
66;43;14;1;87;73;6;49
67;90;61;35;55;62;32;17
68;74;39;13;70;75;12;31
69;71;43;86;40;23;13;51
70;43;56;42;26;72;8;80
71;5;3;8;61;75;11;42
72;4;28;73;75;21;20;66
73;11;79;12;10;32;15;72
74;11;45;82;8;2;5;62
75;74;20;83;64;11;66;80
76;39;19;88;33;44;24;75
77;14;62;15;64;21;2;37
78;51;89;56;86;3;82;20
79;61;9;50;66;25;75;39
80;59;18;50;14;33;32;46
81;28;42;37;57;46;76;6
82;69;3;23;12;75;87;14
83;26;43;64;90;69;32;40
84;71;85;87;54;68;37;35
85;26;69;73;49;33;36;90
86;54;70;62;63;41;46;71
87;37;49;88;9;2;7;89
88;87;3;85;27;86;67;31
89;42;52;79;9;39;16;14
90;1;27;7;62;6;33;52

[SEPARACIONES]
estudiante_i;estudiante_j
1;55
2;41
4;62
10;56
10;57
12;56
20;46
24;64
27;31
28;56
32;76
33;36
34;35
35;63
36;54
37;65
38;44
41;87
44;67
51;84
69;78
71;88

[NOTAS]
generacion=aleatoria_controlada
preferencias_por_estudiante=P_fijo
genero=balanceado_dentro_de_cada_curso_de_origen
criterios_perfil=sorteados_de_forma_independiente
separaciones=aprox_N_div_4
estado=instancia_de_experimento
pesos_funcion_objetivo=no_incluidos_en_la_instancia
factibilidad=se_uso_una_asignacion_testigo_solo_para_generar_la_instancia
