# ------------------------------------------------------------
# Instancia sintetica para pruebas del modelo exacto
# L = 18 estudiantes por curso
# P = 7 preferencias por estudiante
# C = 4 cursos nuevos
# Total = 72 estudiantes
# ------------------------------------------------------------

# INSTANCIA DE REASIGNACION DE ESTUDIANTES
# Este archivo contiene los datos de entrada de la instancia. La solucion se guarda aparte.

[INSTANCIA]
nombre=c_n_18_l_7_s_4_i_8
semilla=70563
N=72
C=4
L=18
P=7

[CURSOS_NUEVOS]
curso;capacidad
1;18
2;18
3;18
4;18

[BALANCE_GENERO]
grupos=F,M
diferencia_maxima=1

[CURSOS_ORIGEN]
cursos_origen=O1,O2,O3,O4
minimo_O1=3
minimo_O2=3
minimo_O3=3
minimo_O4=3

[CRITERIOS_BALANCE]
criterios=academico,socioemocional,convivencia
niveles=1,2,3

[ESTUDIANTES]
estudiante;curso_origen;genero;academico;socioemocional;convivencia
1;O1;F;2;1;1
2;O1;F;1;2;3
3;O1;F;3;2;3
4;O1;M;1;3;3
5;O1;M;2;1;1
6;O1;M;3;3;1
7;O1;M;3;3;1
8;O1;F;1;2;1
9;O1;M;2;3;2
10;O1;F;1;1;3
11;O1;F;3;2;2
12;O1;M;1;1;2
13;O1;F;1;1;3
14;O1;F;1;3;1
15;O1;M;3;1;1
16;O1;M;3;1;3
17;O1;M;3;2;1
18;O1;F;3;2;2
19;O2;M;1;1;2
20;O2;F;2;1;2
21;O2;F;1;2;2
22;O2;M;2;3;3
23;O2;F;1;3;1
24;O2;F;2;1;2
25;O2;F;2;3;1
26;O2;M;2;3;2
27;O2;M;3;2;1
28;O2;M;3;2;3
29;O2;F;1;1;1
30;O2;F;3;3;2
31;O2;M;3;2;1
32;O2;F;1;1;1
33;O2;M;3;3;3
34;O2;F;1;1;3
35;O2;M;2;3;1
36;O2;M;2;2;2
37;O3;F;3;2;3
38;O3;F;2;2;3
39;O3;M;3;3;1
40;O3;F;1;2;2
41;O3;M;2;2;2
42;O3;F;2;3;1
43;O3;M;1;1;1
44;O3;F;2;1;2
45;O3;M;2;3;3
46;O3;F;3;1;1
47;O3;M;1;1;1
48;O3;M;2;1;3
49;O3;F;1;3;3
50;O3;F;3;1;1
51;O3;M;2;3;1
52;O3;M;1;2;2
53;O3;M;1;1;2
54;O3;F;2;1;3
55;O4;M;1;3;3
56;O4;F;3;2;1
57;O4;M;2;3;1
58;O4;F;3;1;1
59;O4;F;2;2;2
60;O4;F;1;1;1
61;O4;F;3;3;2
62;O4;F;3;3;2
63;O4;M;2;3;1
64;O4;M;3;3;2
65;O4;M;1;1;3
66;O4;F;3;1;3
67;O4;M;2;1;2
68;O4;M;3;1;1
69;O4;M;2;3;3
70;O4;F;3;2;2
71;O4;F;1;2;2
72;O4;M;1;2;2

[PREFERENCIAS]
# En esta familia P=7, por lo que cada estudiante tiene 7 preferencias
estudiante;preferencia_1;preferencia_2;preferencia_3;preferencia_4;preferencia_5;preferencia_6;preferencia_7
1;43;13;58;67;10;61;17
2;58;24;50;19;20;33;49
3;72;39;21;25;64;5;57
4;31;61;49;40;43;15;56
5;33;19;64;69;63;59;57
6;16;64;30;9;52;65;17
7;16;21;34;52;67;36;54
8;32;28;43;37;62;55;69
9;38;52;41;15;59;69;1
10;20;50;2;57;69;40;38
11;49;44;2;51;27;34;13
12;14;51;40;6;53;25;8
13;49;42;12;44;5;18;58
14;28;38;30;49;35;3;44
15;22;44;6;52;53;65;55
16;21;57;62;52;56;27;9
17;45;47;62;20;5;60;14
18;37;45;30;38;68;66;67
19;59;2;41;6;72;25;71
20;9;55;3;27;14;21;54
21;27;32;26;66;12;39;64
22;54;23;21;70;20;67;63
23;40;52;47;45;55;16;25
24;54;45;11;14;43;38;30
25;56;31;44;29;16;8;57
26;70;5;23;45;62;50;52
27;17;22;29;34;31;49;9
28;54;62;16;32;40;59;24
29;28;12;37;46;66;38;10
30;70;36;27;62;58;23;60
31;10;61;20;71;17;30;64
32;61;10;40;68;46;43;15
33;15;18;62;3;55;1;16
34;52;55;27;56;9;19;64
35;39;72;67;48;71;5;24
36;51;21;19;14;41;31;8
37;7;15;39;55;5;68;29
38;9;26;2;20;25;28;32
39;62;19;49;52;46;37;29
40;45;5;3;37;26;4;41
41;32;70;53;33;30;7;9
42;9;72;1;35;26;65;28
43;44;57;53;3;17;71;52
44;5;54;37;45;53;26;43
45;3;20;24;28;10;4;14
46;2;68;5;9;7;60;64
47;26;43;61;49;37;57;56
48;58;14;68;21;51;57;7
49;13;16;62;39;54;22;65
50;37;60;1;25;38;33;5
51;20;18;68;14;42;49;52
52;69;61;33;64;4;60;34
53;36;9;1;59;35;38;19
54;6;3;64;55;38;2;37
55;10;1;5;36;24;9;34
56;18;29;72;38;65;64;30
57;66;52;15;64;14;5;62
58;56;14;15;60;32;22;17
59;66;38;54;23;53;44;20
60;12;29;38;54;15;8;45
61;10;35;8;30;3;67;34
62;58;3;71;18;53;72;39
63;53;49;69;33;65;26;56
64;6;46;29;68;52;25;71
65;12;58;37;19;8;69;15
66;15;4;23;67;8;6;1
67;32;3;69;39;51;47;15
68;61;12;46;48;5;58;34
69;51;25;9;39;18;61;57
70;3;37;44;30;56;72;54
71;23;26;11;25;33;38;22
72;1;8;69;24;22;6;11

[SEPARACIONES]
estudiante_i;estudiante_j
1;60
2;48
3;67
6;47
7;54
9;72
12;21
14;63
18;56
19;35
19;53
20;61
25;63
31;40
34;60
35;59
43;65
58;68

[NOTAS]
generacion=aleatoria_controlada
preferencias_por_estudiante=P_fijo
genero=balanceado_dentro_de_cada_curso_de_origen
criterios_perfil=sorteados_de_forma_independiente
separaciones=aprox_N_div_4
estado=instancia_de_experimento
pesos_funcion_objetivo=no_incluidos_en_la_instancia
factibilidad=se_uso_una_asignacion_testigo_solo_para_generar_la_instancia
