# ------------------------------------------------------------
# Instancia sintetica para pruebas del modelo exacto
# L = 18 estudiantes por curso
# P = 7 preferencias por estudiante
# C = 4 cursos nuevos
# Total = 72 estudiantes
# ------------------------------------------------------------

# INSTANCIA DE REASIGNACION DE ESTUDIANTES
# Este archivo contiene los datos de entrada de la instancia. La solucion se guarda aparte.

[INSTANCIA]
nombre=c_n_18_l_7_s_4_i_7
semilla=70556
N=72
C=4
L=18
P=7

[CURSOS_NUEVOS]
curso;capacidad
1;18
2;18
3;18
4;18

[BALANCE_GENERO]
grupos=F,M
diferencia_maxima=1

[CURSOS_ORIGEN]
cursos_origen=O1,O2,O3,O4
minimo_O1=3
minimo_O2=3
minimo_O3=3
minimo_O4=3

[CRITERIOS_BALANCE]
criterios=academico,socioemocional,convivencia
niveles=1,2,3

[ESTUDIANTES]
estudiante;curso_origen;genero;academico;socioemocional;convivencia
1;O1;M;3;1;2
2;O1;F;1;3;1
3;O1;F;2;2;3
4;O1;M;1;1;2
5;O1;M;1;3;1
6;O1;F;1;3;2
7;O1;M;2;3;2
8;O1;F;1;3;2
9;O1;F;2;3;3
10;O1;M;3;3;3
11;O1;F;1;1;1
12;O1;F;3;2;3
13;O1;M;2;3;2
14;O1;M;3;2;3
15;O1;F;2;1;3
16;O1;F;1;2;2
17;O1;M;2;3;3
18;O1;M;2;2;3
19;O2;M;2;3;1
20;O2;M;2;1;2
21;O2;M;2;3;2
22;O2;F;1;1;1
23;O2;M;2;3;1
24;O2;F;2;2;3
25;O2;F;1;2;1
26;O2;M;1;1;3
27;O2;F;2;1;2
28;O2;M;3;2;1
29;O2;F;2;3;2
30;O2;M;2;3;1
31;O2;M;1;2;1
32;O2;F;3;1;3
33;O2;F;3;3;1
34;O2;F;2;3;1
35;O2;F;3;1;3
36;O2;M;3;2;2
37;O3;M;2;3;2
38;O3;F;1;2;3
39;O3;F;2;3;1
40;O3;M;2;3;3
41;O3;M;3;3;3
42;O3;F;2;2;1
43;O3;F;1;3;1
44;O3;F;2;1;3
45;O3;M;3;2;2
46;O3;M;1;3;3
47;O3;F;2;1;3
48;O3;M;2;3;1
49;O3;F;2;1;1
50;O3;M;3;3;1
51;O3;M;1;2;2
52;O3;F;1;3;3
53;O3;M;1;1;1
54;O3;F;1;3;2
55;O4;F;3;2;2
56;O4;F;3;1;3
57;O4;M;1;3;2
58;O4;F;2;1;2
59;O4;M;2;2;2
60;O4;M;3;2;1
61;O4;F;1;2;2
62;O4;M;2;3;1
63;O4;M;2;1;2
64;O4;M;2;1;2
65;O4;F;1;1;3
66;O4;M;3;3;3
67;O4;F;3;3;2
68;O4;F;3;1;2
69;O4;M;2;1;3
70;O4;M;2;1;1
71;O4;F;1;3;2
72;O4;F;2;1;1

[PREFERENCIAS]
# En esta familia P=7, por lo que cada estudiante tiene 7 preferencias
estudiante;preferencia_1;preferencia_2;preferencia_3;preferencia_4;preferencia_5;preferencia_6;preferencia_7
1;24;8;53;17;7;54;60
2;4;24;49;26;58;38;34
3;55;34;50;48;31;28;60
4;20;63;32;24;55;28;3
5;21;39;2;34;4;72;35
6;41;62;71;29;57;40;23
7;19;41;6;57;30;12;61
8;17;53;56;54;63;4;46
9;32;70;7;8;71;23;64
10;62;29;2;21;53;13;39
11;70;67;63;22;25;56;54
12;70;56;37;47;10;35;13
13;8;54;33;28;64;25;60
14;64;59;40;46;66;4;36
15;68;18;53;24;26;46;60
16;22;67;14;63;71;54;9
17;19;57;30;42;39;64;24
18;68;61;65;67;51;30;36
19;16;52;1;29;71;20;22
20;7;43;28;17;8;21;53
21;15;34;35;40;54;20;4
22;51;21;70;4;2;19;6
23;42;48;53;36;12;63;57
24;48;62;49;44;10;64;47
25;12;21;57;20;32;39;67
26;2;12;54;6;4;44;68
27;62;16;40;19;61;9;11
28;3;9;6;23;11;34;72
29;11;51;14;59;15;20;36
30;11;65;27;36;5;17;66
31;59;40;53;47;41;18;25
32;4;64;58;52;13;37;70
33;52;40;19;36;10;67;59
34;69;10;68;28;13;48;63
35;8;32;45;37;15;62;4
36;69;7;54;51;15;6;29
37;17;50;68;39;67;11;64
38;28;35;15;71;30;59;36
39;19;28;36;9;41;14;1
40;19;15;61;25;1;58;14
41;58;15;51;33;27;48;63
42;51;4;67;57;38;40;47
43;36;11;7;29;22;61;45
44;70;39;59;11;65;35;26
45;26;41;58;55;54;10;64
46;21;5;51;65;12;61;32
47;8;28;69;34;26;17;68
48;55;53;56;16;50;71;70
49;72;39;2;62;51;14;56
50;37;58;70;49;57;53;7
51;25;42;36;49;54;23;63
52;65;23;34;25;67;39;5
53;68;27;59;36;29;7;28
54;41;9;48;43;59;56;38
55;32;24;28;60;11;45;22
56;15;47;59;36;52;7;12
57;23;54;61;11;39;24;53
58;12;21;7;56;52;48;46
59;26;2;15;4;33;45;12
60;16;34;7;29;24;44;18
61;60;65;9;1;71;67;46
62;4;30;60;12;6;28;39
63;60;55;68;69;54;34;1
64;53;57;65;11;63;14;54
65;68;4;28;40;32;15;16
66;3;8;56;36;14;31;38
67;5;62;54;29;21;12;9
68;11;23;49;61;46;12;13
69;57;35;55;70;39;41;43
70;33;71;45;54;59;23;38
71;11;64;9;63;5;14;69
72;70;42;46;18;48;62;66

[SEPARACIONES]
estudiante_i;estudiante_j
1;64
5;64
6;59
7;26
8;62
10;63
12;26
13;36
13;49
15;29
16;59
20;23
29;53
29;58
33;41
40;59
45;60
47;56

[NOTAS]
generacion=aleatoria_controlada
preferencias_por_estudiante=P_fijo
genero=balanceado_dentro_de_cada_curso_de_origen
criterios_perfil=sorteados_de_forma_independiente
separaciones=aprox_N_div_4
estado=instancia_de_experimento
pesos_funcion_objetivo=no_incluidos_en_la_instancia
factibilidad=se_uso_una_asignacion_testigo_solo_para_generar_la_instancia
