# ------------------------------------------------------------
# Instancia sintetica para pruebas del modelo exacto
# L = 27 estudiantes por curso
# P = 7 preferencias por estudiante
# C = 6 cursos nuevos
# Total = 162 estudiantes
# ------------------------------------------------------------

# INSTANCIA DE REASIGNACION DE ESTUDIANTES
# Este archivo contiene los datos de entrada de la instancia. La solucion se guarda aparte.

[INSTANCIA]
nombre=c_n_27_l_7_s_6_i_5
semilla=70771
N=162
C=6
L=27
P=7

[CURSOS_NUEVOS]
curso;capacidad
1;27
2;27
3;27
4;27
5;27
6;27

[BALANCE_GENERO]
grupos=F,M
diferencia_maxima=1

[CURSOS_ORIGEN]
cursos_origen=O1,O2,O3,O4,O5,O6
minimo_O1=3
minimo_O2=3
minimo_O3=3
minimo_O4=3
minimo_O5=3
minimo_O6=3

[CRITERIOS_BALANCE]
criterios=academico,socioemocional,convivencia
niveles=1,2,3

[ESTUDIANTES]
estudiante;curso_origen;genero;academico;socioemocional;convivencia
1;O1;M;2;1;3
2;O1;M;2;1;1
3;O1;F;2;2;2
4;O1;M;2;1;2
5;O1;M;3;1;3
6;O1;F;1;1;3
7;O1;M;1;2;2
8;O1;F;1;1;3
9;O1;F;3;1;3
10;O1;F;2;3;1
11;O1;F;3;3;1
12;O1;F;3;2;2
13;O1;M;2;3;1
14;O1;F;3;1;2
15;O1;M;1;2;2
16;O1;F;1;2;1
17;O1;F;1;3;2
18;O1;M;3;1;3
19;O1;M;2;3;2
20;O1;M;3;3;2
21;O1;M;1;3;2
22;O1;F;2;3;3
23;O1;F;3;2;2
24;O1;F;2;1;1
25;O1;M;3;3;2
26;O1;M;2;2;3
27;O1;M;3;3;1
28;O2;F;2;3;2
29;O2;M;3;2;3
30;O2;F;1;1;1
31;O2;M;2;2;1
32;O2;M;2;2;3
33;O2;F;2;1;2
34;O2;M;1;2;3
35;O2;F;1;2;2
36;O2;M;2;3;2
37;O2;M;2;1;2
38;O2;F;2;3;2
39;O2;M;2;3;2
40;O2;M;2;1;3
41;O2;F;3;1;1
42;O2;F;3;3;1
43;O2;F;3;2;1
44;O2;M;1;1;1
45;O2;F;2;1;1
46;O2;F;2;1;2
47;O2;M;1;3;2
48;O2;M;1;1;3
49;O2;F;2;3;1
50;O2;F;2;3;3
51;O2;F;2;1;1
52;O2;M;2;3;2
53;O2;M;2;2;2
54;O2;M;2;2;1
55;O3;M;2;1;2
56;O3;F;3;2;3
57;O3;F;1;2;2
58;O3;F;2;3;3
59;O3;M;2;3;1
60;O3;M;1;3;3
61;O3;F;3;3;3
62;O3;M;2;1;2
63;O3;M;3;2;1
64;O3;M;2;3;1
65;O3;M;1;1;1
66;O3;F;3;3;3
67;O3;M;1;1;3
68;O3;F;2;3;3
69;O3;M;2;3;3
70;O3;M;2;3;1
71;O3;M;3;3;2
72;O3;F;3;1;1
73;O3;M;3;3;1
74;O3;M;1;3;2
75;O3;F;2;2;3
76;O3;M;3;2;1
77;O3;F;2;2;2
78;O3;F;3;3;3
79;O3;F;2;2;3
80;O3;F;1;3;1
81;O3;F;3;3;2
82;O4;M;2;3;1
83;O4;M;3;3;2
84;O4;M;3;1;2
85;O4;M;2;2;1
86;O4;F;3;1;3
87;O4;F;2;2;1
88;O4;F;3;2;2
89;O4;M;3;2;1
90;O4;M;2;1;3
91;O4;M;2;3;1
92;O4;F;1;2;1
93;O4;M;2;1;3
94;O4;F;3;2;2
95;O4;F;2;2;1
96;O4;F;3;2;2
97;O4;M;2;2;1
98;O4;F;3;1;2
99;O4;M;2;3;3
100;O4;F;2;1;1
101;O4;M;1;2;2
102;O4;M;3;2;1
103;O4;F;2;1;2
104;O4;F;3;3;2
105;O4;M;3;1;2
106;O4;F;1;1;2
107;O4;F;3;1;1
108;O4;M;3;3;1
109;O5;F;2;1;3
110;O5;M;3;1;1
111;O5;F;1;2;3
112;O5;M;2;1;2
113;O5;M;1;2;2
114;O5;F;3;2;3
115;O5;F;2;3;2
116;O5;M;3;3;2
117;O5;F;1;3;2
118;O5;M;2;3;2
119;O5;F;1;1;3
120;O5;M;3;3;3
121;O5;M;2;1;3
122;O5;F;3;1;2
123;O5;M;3;2;1
124;O5;F;1;2;3
125;O5;F;3;2;1
126;O5;M;3;1;3
127;O5;M;3;1;1
128;O5;M;1;3;2
129;O5;M;3;1;1
130;O5;F;2;1;2
131;O5;M;2;1;1
132;O5;F;2;2;1
133;O5;F;1;1;3
134;O5;F;1;3;1
135;O5;M;1;2;1
136;O6;M;2;1;2
137;O6;F;3;1;2
138;O6;M;1;3;1
139;O6;M;2;2;1
140;O6;M;2;2;1
141;O6;M;2;3;3
142;O6;F;1;2;3
143;O6;F;1;3;3
144;O6;M;2;1;1
145;O6;F;3;1;1
146;O6;F;3;3;2
147;O6;F;2;3;1
148;O6;M;2;1;2
149;O6;M;3;1;3
150;O6;F;3;1;1
151;O6;M;2;1;1
152;O6;M;3;3;1
153;O6;M;2;3;2
154;O6;M;2;1;1
155;O6;F;1;2;1
156;O6;F;2;1;1
157;O6;F;2;2;1
158;O6;F;1;1;2
159;O6;F;1;3;3
160;O6;M;3;1;3
161;O6;F;1;2;3
162;O6;M;2;3;1

[PREFERENCIAS]
# En esta familia P=7, por lo que cada estudiante tiene 7 preferencias
estudiante;preferencia_1;preferencia_2;preferencia_3;preferencia_4;preferencia_5;preferencia_6;preferencia_7
1;159;92;140;33;87;72;63
2;60;50;64;65;152;161;87
3;76;9;160;144;23;59;151
4;18;21;130;97;161;83;44
5;83;55;42;130;63;93;136
6;79;5;153;65;81;136;103
7;55;44;76;8;152;47;149
8;154;42;134;115;105;64;36
9;149;8;137;78;146;112;79
10;57;1;13;95;136;80;64
11;152;51;68;122;35;55;148
12;144;48;140;76;125;114;98
13;99;108;139;38;76;33;141
14;157;12;7;97;141;38;72
15;154;145;104;88;149;103;30
16;76;79;103;158;147;126;139
17;97;60;32;137;76;33;155
18;22;158;35;77;87;51;56
19;62;65;130;109;74;121;85
20;4;54;153;45;1;110;131
21;109;84;64;161;42;44;58
22;111;62;56;86;132;116;84
23;50;160;103;27;36;108;106
24;18;68;136;76;141;96;127
25;61;39;65;108;162;70;80
26;82;109;34;74;80;69;116
27;80;93;112;158;104;125;90
28;10;111;124;141;151;34;89
29;7;153;87;20;59;11;49
30;52;28;53;87;54;57;8
31;20;65;59;144;8;11;53
32;16;133;113;148;144;155;59
33;146;32;131;121;61;35;31
34;146;113;84;18;32;115;88
35;133;10;13;9;21;44;113
36;70;112;80;31;60;24;111
37;67;123;23;71;118;138;145
38;115;102;27;139;88;47;112
39;104;76;86;132;2;28;111
40;153;117;97;51;90;1;4
41;90;36;75;42;8;22;72
42;115;18;123;144;81;55;65
43;108;48;131;20;11;19;141
44;107;25;149;62;29;115;51
45;157;93;151;79;138;66;43
46;131;106;20;137;109;123;61
47;150;129;93;161;160;3;22
48;30;58;63;112;57;136;119
49;85;6;53;42;3;2;17
50;100;121;115;14;107;93;36
51;91;87;9;145;115;114;19
52;5;27;128;141;46;26;6
53;51;155;67;80;47;86;25
54;89;150;8;95;60;6;71
55;86;102;15;122;10;56;71
56;103;85;108;36;133;37;34
57;53;90;119;22;146;113;133
58;47;95;78;52;144;18;40
59;88;118;8;138;135;108;106
60;39;144;88;96;52;139;15
61;126;145;115;59;130;37;43
62;126;43;61;97;21;34;150
63;140;123;6;88;158;20;96
64;56;80;81;142;123;82;41
65;120;3;117;71;143;4;115
66;155;17;59;144;21;117;10
67;120;23;4;2;102;85;61
68;138;130;116;110;30;3;28
69;40;108;67;45;105;35;90
70;44;141;153;159;67;18;80
71;149;14;2;64;38;67;128
72;147;160;84;139;161;61;13
73;19;62;43;111;97;60;15
74;154;34;55;63;152;38;93
75;115;73;108;42;61;25;29
76;134;77;122;31;44;78;144
77;49;156;100;54;99;151;12
78;88;85;2;128;135;25;8
79;104;61;50;100;91;112;41
80;142;131;91;60;19;10;148
81;137;63;156;67;115;73;112
82;75;23;73;127;94;39;17
83;15;107;65;138;93;149;117
84;162;85;119;48;35;158;31
85;38;100;29;137;120;5;93
86;60;58;48;74;98;119;85
87;103;39;136;31;125;56;16
88;96;101;136;12;107;4;122
89;61;13;148;18;52;113;155
90;162;139;120;93;25;109;74
91;64;145;13;148;4;90;63
92;81;6;115;73;107;42;133
93;107;4;96;141;145;52;147
94;128;123;154;137;15;31;141
95;45;24;140;136;53;16;66
96;119;36;118;72;139;46;81
97;72;2;144;120;124;52;87
98;28;84;136;61;158;105;148
99;23;112;137;51;149;44;143
100;149;10;44;112;72;126;47
101;12;129;34;120;56;161;77
102;108;38;42;70;60;3;72
103;3;45;120;50;17;113;25
104;111;101;23;109;76;68;38
105;17;132;37;146;54;75;142
106;156;77;113;98;21;102;69
107;158;60;86;8;104;54;130
108;128;35;8;109;29;92;105
109;1;5;98;11;3;85;56
110;18;51;149;93;37;128;158
111;28;73;140;86;31;148;13
112;94;51;114;30;57;27;140
113;65;96;102;141;70;3;66
114;20;159;66;25;93;134;44
115;107;140;116;77;162;15;56
116;76;80;50;42;131;137;122
117;35;66;47;45;152;19;123
118;63;73;97;76;106;5;72
119;83;107;155;85;101;145;52
120;141;130;31;125;35;68;151
121;129;140;127;51;114;60;137
122;79;128;104;5;48;56;58
123;73;65;29;11;48;12;99
124;36;48;87;79;23;136;107
125;123;3;57;13;76;149;160
126;2;49;42;54;155;133;27
127;147;24;90;64;133;93;105
128;57;121;52;38;141;19;67
129;61;75;101;83;53;87;2
130;84;107;123;41;69;140;64
131;37;161;61;160;75;96;28
132;120;155;148;107;88;114;2
133;81;125;140;20;54;97;149
134;153;123;40;98;69;75;3
135;63;143;106;51;91;97;105
136;139;162;127;53;123;58;48
137;76;63;128;79;116;13;57
138;8;113;64;19;31;95;40
139;2;141;28;52;59;130;145
140;26;120;12;152;143;90;5
141;126;162;67;63;46;81;60
142;47;18;152;158;2;36;35
143;30;55;123;133;140;136;72
144;124;13;77;89;17;47;78
145;79;111;90;99;14;101;53
146;157;45;118;43;84;82;1
147;143;80;117;133;47;19;79
148;30;10;85;162;119;56;95
149;115;53;143;150;17;126;111
150;70;20;4;42;79;78;130
151;62;89;153;160;114;85;130
152;23;47;57;65;22;148;137
153;86;64;158;7;8;24;85
154;64;146;136;93;13;4;128
155;2;4;74;5;102;128;131
156;19;157;68;88;137;145;37
157;81;120;100;94;50;49;36
158;143;100;112;63;111;16;159
159;162;39;155;77;16;118;27
160;90;28;147;67;21;140;105
161;117;149;89;136;34;81;124
162;61;116;47;145;87;97;64

[SEPARACIONES]
estudiante_i;estudiante_j
1;31
3;90
3;140
4;28
4;65
4;90
8;145
12;116
13;56
16;114
19;109
22;78
29;149
30;110
30;139
32;36
32;88
33;47
36;97
36;132
39;127
40;144
43;102
45;94
47;105
48;72
49;66
49;80
52;69
65;159
70;152
72;120
74;116
84;161
87;128
88;162
93;137
109;116
116;119
117;153

[NOTAS]
generacion=aleatoria_controlada
preferencias_por_estudiante=P_fijo
genero=balanceado_dentro_de_cada_curso_de_origen
criterios_perfil=sorteados_de_forma_independiente
separaciones=aprox_N_div_4
estado=instancia_de_experimento
pesos_funcion_objetivo=no_incluidos_en_la_instancia
factibilidad=se_uso_una_asignacion_testigo_solo_para_generar_la_instancia
