# ------------------------------------------------------------
# Instancia sintetica para pruebas del modelo exacto
# L = 27 estudiantes por curso
# P = 7 preferencias por estudiante
# C = 3 cursos nuevos
# Total = 81 estudiantes
# ------------------------------------------------------------

# INSTANCIA DE REASIGNACION DE ESTUDIANTES
# Este archivo contiene los datos de entrada de la instancia. La solucion se guarda aparte.

[INSTANCIA]
nombre=c_n_27_l_7_s_3_i_3
semilla=70454
N=81
C=3
L=27
P=7

[CURSOS_NUEVOS]
curso;capacidad
1;27
2;27
3;27

[BALANCE_GENERO]
grupos=F,M
diferencia_maxima=1

[CURSOS_ORIGEN]
cursos_origen=O1,O2,O3
minimo_O1=8
minimo_O2=8
minimo_O3=8

[CRITERIOS_BALANCE]
criterios=academico,socioemocional,convivencia
niveles=1,2,3

[ESTUDIANTES]
estudiante;curso_origen;genero;academico;socioemocional;convivencia
1;O1;M;3;1;2
2;O1;F;3;2;3
3;O1;F;1;1;3
4;O1;M;3;1;1
5;O1;M;2;3;3
6;O1;M;2;2;3
7;O1;M;3;1;2
8;O1;F;1;2;3
9;O1;M;2;3;3
10;O1;M;1;1;1
11;O1;M;1;1;2
12;O1;F;3;2;3
13;O1;M;1;2;3
14;O1;M;3;3;2
15;O1;F;1;3;3
16;O1;M;1;2;2
17;O1;F;1;3;2
18;O1;F;2;1;3
19;O1;M;1;3;3
20;O1;F;2;3;2
21;O1;F;2;2;1
22;O1;F;2;3;3
23;O1;F;2;2;3
24;O1;M;1;3;1
25;O1;F;2;2;1
26;O1;F;3;1;2
27;O1;M;1;2;3
28;O2;M;1;1;2
29;O2;M;1;1;2
30;O2;F;3;2;1
31;O2;F;1;3;2
32;O2;F;1;2;1
33;O2;F;2;1;1
34;O2;M;3;1;1
35;O2;F;2;3;3
36;O2;M;1;1;3
37;O2;F;1;1;2
38;O2;M;3;3;3
39;O2;M;1;1;1
40;O2;F;3;3;3
41;O2;M;2;2;2
42;O2;M;3;2;1
43;O2;F;2;1;2
44;O2;M;2;1;2
45;O2;F;2;2;1
46;O2;F;2;2;1
47;O2;M;1;2;2
48;O2;F;3;1;2
49;O2;M;3;2;3
50;O2;M;3;2;1
51;O2;M;3;2;1
52;O2;F;1;1;1
53;O2;F;2;1;1
54;O2;M;3;2;1
55;O3;F;3;2;2
56;O3;F;1;1;2
57;O3;M;3;1;1
58;O3;F;3;3;1
59;O3;M;3;1;1
60;O3;F;1;2;1
61;O3;F;3;3;1
62;O3;F;3;2;2
63;O3;F;2;3;3
64;O3;F;3;1;1
65;O3;F;3;3;3
66;O3;M;2;2;2
67;O3;F;2;1;1
68;O3;M;2;3;3
69;O3;M;3;3;3
70;O3;M;3;1;2
71;O3;F;2;1;3
72;O3;F;2;2;1
73;O3;M;3;2;2
74;O3;M;2;3;1
75;O3;M;1;2;3
76;O3;M;2;2;2
77;O3;M;2;1;3
78;O3;M;3;2;1
79;O3;M;3;3;1
80;O3;M;1;2;3
81;O3;F;1;3;3

[PREFERENCIAS]
# En esta familia P=7, por lo que cada estudiante tiene 7 preferencias
estudiante;preferencia_1;preferencia_2;preferencia_3;preferencia_4;preferencia_5;preferencia_6;preferencia_7
1;26;53;80;58;40;5;23
2;79;72;9;69;40;28;78
3;16;67;53;70;51;50;65
4;36;63;27;21;28;67;13
5;9;41;81;75;14;13;29
6;57;10;28;14;56;2;72
7;71;45;18;35;75;17;74
8;68;54;66;25;80;29;46
9;67;73;41;76;10;3;6
10;40;45;79;67;35;9;22
11;70;22;38;5;68;20;18
12;79;36;8;19;16;37;42
13;43;63;41;55;79;24;81
14;75;48;73;22;2;16;34
15;55;48;69;9;2;34;44
16;34;70;30;37;9;76;44
17;13;11;27;32;51;52;53
18;73;59;21;3;36;42;29
19;78;30;12;75;54;24;18
20;54;56;15;7;3;30;80
21;35;56;7;47;66;30;10
22;18;42;63;60;26;40;45
23;35;75;7;20;62;37;5
24;38;4;25;62;53;10;3
25;81;16;35;5;65;58;22
26;32;53;68;8;16;48;60
27;28;61;23;10;33;37;14
28;16;4;11;41;49;51;46
29;20;37;69;72;56;50;6
30;73;13;17;65;4;3;57
31;46;29;14;33;48;10;80
32;26;69;48;77;18;3;51
33;53;24;61;14;80;15;52
34;80;13;38;3;61;71;50
35;49;12;31;56;67;59;79
36;54;31;12;19;4;70;67
37;45;52;77;70;7;19;57
38;26;14;29;64;10;1;36
39;22;7;46;27;59;42;19
40;2;26;71;39;17;65;11
41;78;12;72;1;47;61;3
42;2;73;5;31;23;7;14
43;50;71;63;57;46;51;39
44;78;25;62;65;6;17;3
45;1;10;72;59;23;70;31
46;13;22;20;59;23;49;38
47;24;7;16;59;52;61;37
48;27;22;3;54;12;46;57
49;69;11;76;22;3;33;75
50;62;28;26;69;57;73;12
51;7;68;18;77;48;41;69
52;64;2;80;17;54;28;53
53;3;32;19;24;13;6;42
54;56;22;36;61;20;27;45
55;42;49;50;77;76;13;15
56;3;77;76;55;75;36;42
57;72;54;6;49;70;40;31
58;81;72;59;45;1;42;60
59;47;54;66;48;63;2;26
60;44;25;29;21;35;22;14
61;81;36;1;20;72;43;16
62;66;11;39;55;74;47;56
63;12;26;40;10;78;45;80
64;74;31;27;63;19;62;77
65;48;7;55;10;23;34;1
66;18;23;31;75;78;48;54
67;40;20;32;52;13;60;8
68;30;27;60;70;41;79;54
69;19;39;71;20;54;7;25
70;80;52;77;38;71;31;58
71;81;11;6;55;64;29;59
72;42;54;41;10;67;55;36
73;72;43;28;60;42;27;41
74;27;34;37;53;77;43;9
75;77;12;56;46;36;41;15
76;32;57;37;4;5;71;7
77;53;41;51;26;20;45;12
78;57;63;60;5;81;10;36
79;45;20;72;73;23;19;24
80;6;51;55;8;50;1;52
81;29;2;40;63;9;7;35

[SEPARACIONES]
estudiante_i;estudiante_j
1;18
2;61
2;64
2;73
4;10
6;63
14;60
15;31
18;49
22;71
26;71
27;66
29;58
33;52
35;63
36;66
37;50
43;59
52;76
64;68

[NOTAS]
generacion=aleatoria_controlada
preferencias_por_estudiante=P_fijo
genero=balanceado_dentro_de_cada_curso_de_origen
criterios_perfil=sorteados_de_forma_independiente
separaciones=aprox_N_div_4
estado=instancia_de_experimento
pesos_funcion_objetivo=no_incluidos_en_la_instancia
factibilidad=se_uso_una_asignacion_testigo_solo_para_generar_la_instancia
