# ------------------------------------------------------------
# Instancia sintetica para pruebas del modelo exacto
# L = 27 estudiantes por curso
# P = 5 preferencias por estudiante
# C = 5 cursos nuevos
# Total = 135 estudiantes
# ------------------------------------------------------------

# INSTANCIA DE REASIGNACION DE ESTUDIANTES
# Este archivo contiene los datos de entrada de la instancia. La solucion se guarda aparte.

[INSTANCIA]
nombre=c_n_27_l_5_s_5_i_9
semilla=50684
N=135
C=5
L=27
P=5

[CURSOS_NUEVOS]
curso;capacidad
1;27
2;27
3;27
4;27
5;27

[BALANCE_GENERO]
grupos=F,M
diferencia_maxima=1

[CURSOS_ORIGEN]
cursos_origen=O1,O2,O3,O4,O5
minimo_O1=4
minimo_O2=4
minimo_O3=4
minimo_O4=4
minimo_O5=4

[CRITERIOS_BALANCE]
criterios=academico,socioemocional,convivencia
niveles=1,2,3

[ESTUDIANTES]
estudiante;curso_origen;genero;academico;socioemocional;convivencia
1;O1;F;2;3;1
2;O1;F;3;3;3
3;O1;F;3;2;3
4;O1;M;1;1;3
5;O1;F;2;2;1
6;O1;M;1;1;3
7;O1;F;3;1;1
8;O1;M;1;2;2
9;O1;F;2;2;1
10;O1;F;1;3;2
11;O1;M;2;2;1
12;O1;F;2;1;1
13;O1;F;2;3;1
14;O1;M;1;1;1
15;O1;F;2;3;3
16;O1;M;3;2;2
17;O1;F;2;1;3
18;O1;F;1;1;2
19;O1;M;3;2;1
20;O1;M;3;1;1
21;O1;M;3;3;1
22;O1;F;3;2;3
23;O1;M;1;2;1
24;O1;M;2;3;1
25;O1;M;2;2;3
26;O1;M;3;2;3
27;O1;M;3;1;2
28;O2;F;3;3;2
29;O2;M;3;1;2
30;O2;M;2;2;2
31;O2;F;1;1;1
32;O2;F;3;3;3
33;O2;M;3;1;3
34;O2;M;1;2;1
35;O2;F;1;3;1
36;O2;M;1;3;1
37;O2;M;2;3;2
38;O2;F;1;2;3
39;O2;F;1;3;3
40;O2;M;2;2;3
41;O2;F;1;2;3
42;O2;M;1;3;3
43;O2;F;3;1;1
44;O2;M;3;2;1
45;O2;F;1;1;2
46;O2;F;1;2;1
47;O2;F;2;3;1
48;O2;M;3;2;2
49;O2;M;2;1;2
50;O2;F;3;3;1
51;O2;F;2;3;2
52;O2;M;3;3;1
53;O2;M;1;3;3
54;O2;M;1;1;1
55;O3;M;2;1;1
56;O3;M;3;1;2
57;O3;M;3;2;3
58;O3;F;2;3;3
59;O3;M;2;3;1
60;O3;F;2;2;2
61;O3;M;3;1;2
62;O3;F;3;2;2
63;O3;F;3;2;3
64;O3;F;2;3;3
65;O3;M;3;2;2
66;O3;F;2;3;2
67;O3;F;1;3;1
68;O3;F;2;3;2
69;O3;M;2;2;2
70;O3;M;1;1;1
71;O3;M;2;3;2
72;O3;M;3;1;1
73;O3;M;1;3;1
74;O3;M;1;1;1
75;O3;M;3;3;2
76;O3;F;3;3;2
77;O3;F;2;1;3
78;O3;F;1;1;3
79;O3;F;2;1;1
80;O3;M;1;2;1
81;O3;F;3;3;3
82;O4;F;2;1;3
83;O4;F;2;1;1
84;O4;F;2;1;1
85;O4;F;3;3;3
86;O4;M;2;2;1
87;O4;F;2;2;3
88;O4;M;2;1;1
89;O4;M;1;2;3
90;O4;F;2;3;2
91;O4;M;2;1;2
92;O4;M;3;2;3
93;O4;F;1;3;1
94;O4;M;1;3;1
95;O4;F;2;2;3
96;O4;M;3;3;2
97;O4;F;1;3;1
98;O4;M;1;3;3
99;O4;F;3;1;3
100;O4;M;1;2;2
101;O4;M;2;3;3
102;O4;M;2;2;1
103;O4;M;3;3;3
104;O4;F;1;2;3
105;O4;M;2;3;3
106;O4;M;2;1;1
107;O4;F;1;1;2
108;O4;F;1;2;3
109;O5;F;2;1;2
110;O5;M;2;2;2
111;O5;F;2;2;3
112;O5;F;1;3;1
113;O5;M;3;2;3
114;O5;F;2;3;1
115;O5;M;2;2;1
116;O5;F;2;2;1
117;O5;F;2;1;1
118;O5;F;3;2;1
119;O5;M;2;2;2
120;O5;M;3;3;1
121;O5;F;1;3;3
122;O5;F;2;2;1
123;O5;M;2;3;2
124;O5;M;1;3;3
125;O5;M;2;2;2
126;O5;F;3;3;1
127;O5;M;2;1;2
128;O5;F;2;2;2
129;O5;F;2;1;3
130;O5;M;3;1;1
131;O5;M;1;1;1
132;O5;M;3;3;1
133;O5;M;2;1;2
134;O5;F;2;1;1
135;O5;M;1;3;3

[PREFERENCIAS]
# En esta familia P=5, por lo que cada estudiante tiene 5 preferencias
estudiante;preferencia_1;preferencia_2;preferencia_3;preferencia_4;preferencia_5
1;68;131;52;6;85
2;109;82;100;16;97
3;103;71;22;107;36
4;99;15;119;44;101
5;14;70;72;109;115
6;1;98;8;23;27
7;105;31;49;9;6
8;100;53;108;84;133
9;25;72;33;50;13
10;88;21;2;6;134
11;63;29;110;120;32
12;117;68;135;81;75
13;111;103;83;82;62
14;103;32;131;95;127
15;53;43;63;91;84
16;21;100;15;87;120
17;127;109;89;66;61
18;122;23;78;95;17
19;92;66;131;129;14
20;127;57;83;114;84
21;83;121;41;67;65
22;47;53;44;80;98
23;2;69;99;113;85
24;64;134;114;74;135
25;53;129;120;115;84
26;113;60;27;37;123
27;19;120;7;80;110
28;121;24;47;68;44
29;56;83;24;36;49
30;112;93;50;18;25
31;71;44;47;69;107
32;135;98;120;48;81
33;89;7;101;46;49
34;41;135;49;67;80
35;97;6;124;96;60
36;119;102;63;53;134
37;16;29;84;89;125
38;113;27;71;28;33
39;109;123;59;58;128
40;106;114;59;96;21
41;63;97;60;13;67
42;116;121;74;12;97
43;86;123;68;94;74
44;133;21;34;73;99
45;90;94;100;84;67
46;122;123;78;32;16
47;108;63;39;132;64
48;32;108;15;127;6
49;80;14;61;13;6
50;66;70;62;90;30
51;76;100;94;3;37
52;106;32;38;101;2
53;27;125;2;74;26
54;94;44;85;88;77
55;40;18;2;68;132
56;74;73;135;4;108
57;133;47;28;9;53
58;42;38;127;28;107
59;72;96;26;110;24
60;81;14;5;66;2
61;30;48;21;69;41
62;84;103;94;114;88
63;85;12;72;25;122
64;63;59;49;55;43
65;129;46;5;23;30
66;82;84;90;29;114
67;87;133;124;109;99
68;126;92;36;100;115
69;117;58;85;36;67
70;62;54;61;126;91
71;97;93;132;106;65
72;135;104;103;17;108
73;30;54;74;108;58
74;39;55;13;69;105
75;67;69;63;77;106
76;69;59;85;66;109
77;56;115;32;29;84
78;30;23;12;41;29
79;129;103;107;115;98
80;2;55;56;100;24
81;112;87;21;79;62
82;16;8;37;48;29
83;105;18;106;113;115
84;107;22;113;104;66
85;38;19;37;113;23
86;44;133;126;97;85
87;7;75;124;114;83
88;134;71;29;90;80
89;124;88;114;68;92
90;25;13;46;102;123
91;31;129;23;32;34
92;47;44;8;82;6
93;58;109;29;20;113
94;55;47;29;59;18
95;119;127;123;62;86
96;58;121;135;113;47
97;80;16;113;118;98
98;6;27;102;58;60
99;22;122;24;91;82
100;69;101;118;51;83
101;119;76;58;87;110
102;10;14;8;122;41
103;45;34;38;77;106
104;99;93;124;132;42
105;30;68;13;27;74
106;69;118;88;101;20
107;35;64;117;14;54
108;93;66;44;124;82
109;111;52;66;18;17
110;3;89;90;34;15
111;112;34;29;102;132
112;76;16;47;36;77
113;5;65;58;92;90
114;105;47;97;14;81
115;10;18;60;86;56
116;2;92;37;17;86
117;89;19;31;124;85
118;53;74;9;108;11
119;51;4;5;117;89
120;46;68;64;106;22
121;105;50;20;123;63
122;112;25;114;38;87
123;49;15;116;131;54
124;126;2;81;25;114
125;38;69;75;13;79
126;97;9;50;123;29
127;76;21;122;12;106
128;93;75;125;18;115
129;94;95;82;37;18
130;102;45;103;19;108
131;12;106;85;39;128
132;117;105;29;5;24
133;99;117;41;29;78
134;54;67;45;116;28
135;60;103;101;1;70

[SEPARACIONES]
estudiante_i;estudiante_j
1;32
2;3
2;53
6;104
8;53
8;111
12;75
18;54
19;72
22;74
24;106
25;59
26;84
28;133
30;83
32;56
34;43
36;131
54;72
54;124
57;64
57;81
62;88
62;91
64;68
67;101
68;69
70;93
72;102
81;102
94;115
100;105
105;128
111;117

[NOTAS]
generacion=aleatoria_controlada
preferencias_por_estudiante=P_fijo
genero=balanceado_dentro_de_cada_curso_de_origen
criterios_perfil=sorteados_de_forma_independiente
separaciones=aprox_N_div_4
estado=instancia_de_experimento
pesos_funcion_objetivo=no_incluidos_en_la_instancia
factibilidad=se_uso_una_asignacion_testigo_solo_para_generar_la_instancia
